"age" "gender" "education" "R1" "R2" "R3" "R4" "R5" "R6" "R7" "R8" "R9" "R10" "R11" "R12" "R13" "R14" "R15" "R16" "R17" "R18" "R19" "R20" "R21" "R22" "R23" "R24" "R25" "R26" "R27" "R28" "R29"
"1" 1 0 0 1 1 1 1 1 1 1 2 2 1 2 2 1 1 1 1 1 2 1 2 2 1 1 2 3 2 1 1 2
"2" 1 0 0 1 1 1 1 1 1 1 1 1 1 1 1 1 1 1 1 1 1 1 1 1 1 1 1 2 1 1 1 1
"3" 1 0 0 1 1 1 1 1 1 2 1 2 1 2 2 1 2 1 2 1 2 1 1 1 1 1 1 3 2 1 2 2
"4" 0 0 0 1 1 1 1 1 1 2 1 2 1 1 2 1 1 1 2 1 3 1 1 1 1 1 1 1 3 1 3 1
"5" 1 0 0 1 1 1 1 1 1 1 1 1 1 1 1 1 1 1 1 1 1 1 1 1 1 1 1 1 1 1 1 1
"6" 1 0 0 2 1 1 2 1 1 2 1 1 1 2 1 1 3 1 2 1 1 1 1 1 2 1 1 2 1 2 2 1
"7" 0 0 0 1 1 1 1 1 1 2 1 2 1 2 1 1 1 1 1 1 2 1 1 2 1 1 2 1 1 1 1 1
"8" 1 0 0 1 1 1 3 1 3 2 1 3 1 2 3 1 1 3 3 1 2 1 1 2 1 2 3 3 1 1 2 1
"9" 1 0 0 1 1 1 1 1 1 1 1 2 1 2 1 1 2 1 1 1 1 1 1 1 1 1 1 2 1 1 1 1
"10" 1 0 0 1 1 1 1 1 1 1 1 1 1 2 3 1 1 1 1 1 1 1 1 1 1 2 1 1 1 1 1 1
"11" 0 0 0 1 1 1 1 1 1 2 1 2 1 2 2 3 2 2 2 1 3 1 1 2 2 2 2 1 1 2 2 1
"12" 0 0 0 1 1 1 1 1 1 2 1 2 1 1 2 1 1 1 2 1 1 1 1 1 1 1 1 2 1 1 1 1
"13" 0 1 0 1 1 1 1 1 1 2 1 1 1 1 2 2 3 1 2 1 1 1 1 1 1 2 2 3 3 2 2 2
"14" 1 1 0 1 1 3 3 1 1 3 1 1 1 3 2 2 3 2 3 1 3 1 1 1 2 2 3 2 3 2 2 1
"15" 1 1 0 1 1 1 2 1 1 2 1 1 1 1 2 1 1 1 1 1 2 1 1 1 2 1 1 1 1 2 1 1
"16" 1 0 0 1 1 1 1 1 1 1 1 2 1 1 2 1 3 2 2 1 2 1 1 2 1 2 1 1 2 2 1 1
"17" 0 0 0 1 1 1 2 1 1 2 1 2 1 1 3 1 2 1 2 1 3 1 1 1 2 2 1 1 1 2 2 1
"18" 0 0 1 5 4 5 3 3 5 3 1 3 3 2 3 3 3 3 3 3 3 3 3 3 3 4 3 3 3 3 4 3
"19" 1 1 0 2 2 1 2 1 1 3 2 2 1 2 2 1 2 1 3 1 1 1 1 1 2 2 1 2 2 2 2 2
"20" 0 1 0 1 1 1 1 1 2 1 1 2 1 2 3 3 1 3 1 2 2 2 2 1 2 2 2 2 1 1 2 1
"21" 0 1 0 2 1 1 2 2 2 3 1 2 1 1 2 2 1 2 2 1 2 2 2 1 2 4 2 2 3 2 4 2
"22" 0 1 0 2 1 2 4 1 1 5 3 1 2 2 1 1 2 2 2 1 1 2 2 3 2 2 3 1 4 3 5 3
"23" 0 1 0 1 1 3 2 3 1 3 4 4 2 2 3 1 1 1 3 1 3 1 2 3 2 1 2 4 1 2 2 2
"24" 0 0 1 3 3 3 3 3 3 3 4 3 3 3 3 3 3 3 3 3 3 3 3 3 3 3 3 3 3 3 3 3
"25" 1 1 0 2 2 1 1 1 1 2 1 1 3 1 1 1 1 1 2 1 1 2 1 1 2 2 2 3 3 2 2 1
"26" 1 1 0 1 2 2 2 2 2 2 1 1 1 2 3 2 1 2 3 1 1 2 2 1 2 3 2 4 3 1 2 2
"27" 0 1 1 2 2 1 2 1 1 2 2 2 1 2 2 1 3 1 3 1 3 1 2 2 2 2 1 2 1 2 2 2
"28" 1 1 0 1 1 1 2 1 1 2 1 1 1 1 1 1 2 1 3 1 2 1 1 1 2 3 2 1 1 2 2 1
"29" 0 1 0 2 2 2 2 3 2 3 2 2 2 2 2 2 2 3 4 2 2 2 3 2 2 1 2 4 2 2 3 2
"30" 0 1 1 4 3 3 2 2 2 3 3 4 1 3 2 1 2 3 3 2 2 2 2 2 2 3 3 3 3 3 4 2
"31" 0 1 0 3 3 3 3 3 3 3 4 3 2 3 3 3 3 2 4 2 3 3 3 3 4 4 3 4 4 2 3 2
"32" 0 1 0 1 1 1 1 1 1 3 1 1 1 1 1 1 1 1 1 1 1 1 1 1 1 1 1 1 1 1 1 1
"33" 1 1 0 1 1 1 1 1 1 1 1 1 1 1 2 1 1 1 2 1 2 1 1 1 1 1 2 2 1 1 2 1
"34" 0 1 0 1 1 1 1 1 1 1 1 1 1 2 2 1 1 1 1 1 2 1 1 4 3 3 1 2 2 1 2 1
"35" 0 1 0 2 2 2 4 5 3 4 2 3 2 3 4 2 3 2 3 2 4 2 3 1 3 3 4 4 4 3 3 4
"36" 1 1 0 1 1 1 1 1 1 1 1 2 1 1 1 1 1 1 2 1 2 1 1 1 1 1 1 1 1 1 1 1
"37" 0 1 0 1 1 1 1 1 1 1 1 1 1 1 1 1 1 1 2 1 1 1 1 1 1 1 1 3 1 1 1 1
"38" 0 0 0 1 1 1 1 1 1 1 1 1 1 1 1 1 1 1 1 1 1 1 1 1 1 1 1 1 1 1 1 1
"39" 0 1 0 1 1 1 2 2 1 3 2 2 2 1 2 1 2 1 3 1 1 1 3 1 2 2 2 3 1 2 1 2
"40" 0 1 1 3 3 3 3 3 3 5 3 3 3 3 4 4 3 4 3 3 3 3 3 3 3 3 3 5 5 3 5 4
"41" 0 1 1 5 4 5 5 3 5 4 5 5 5 5 5 5 5 3 5 5 5 4 5 5 5 5 5 4 5 5 5 5
"42" 0 0 0 1 1 2 2 2 3 2 2 2 2 3 2 1 2 2 2 1 1 1 1 2 2 1 2 3 3 1 1 1
"43" 0 1 0 1 1 1 1 1 1 1 1 1 1 1 1 1 1 1 1 1 1 1 1 1 1 1 1 1 1 1 1 1
"44" 0 0 1 1 1 1 1 1 1 1 1 1 1 1 1 1 1 1 1 1 1 1 1 1 1 1 1 1 1 1 1 1
"45" 0 0 1 3 2 3 1 1 2 1 1 2 2 3 3 1 3 3 3 2 3 1 2 1 2 1 3 3 3 1 3 3
"46" 1 0 0 1 1 1 1 2 1 1 1 2 1 1 1 1 2 1 1 1 1 1 1 2 1 2 2 3 2 1 1 2
"47" 0 1 0 2 1 2 1 1 1 4 2 1 1 3 1 2 1 1 2 2 3 1 3 1 2 2 3 4 4 3 2 1
"48" 0 0 0 1 1 1 1 1 1 1 1 1 1 1 1 1 1 1 1 1 1 1 1 1 1 1 1 1 1 1 1 1
"49" 0 1 0 1 1 1 1 1 1 1 1 2 1 1 2 1 1 1 2 1 1 1 1 3 1 1 1 2 1 1 1 1
"50" 0 1 1 2 2 1 2 1 2 3 2 2 1 4 2 1 3 2 2 1 2 2 3 1 2 2 1 3 2 1 2 2
"51" 0 0 0 1 1 1 1 1 1 1 3 1 1 1 1 1 1 1 1 1 1 1 1 3 1 1 1 4 1 1 1 1
"52" 0 1 0 2 2 2 4 4 3 3 3 4 3 3 2 3 4 3 2 2 2 3 2 3 3 3 3 4 4 4 4 3
"53" 0 0 0 2 1 1 2 2 1 1 1 2 1 3 1 3 3 1 2 1 2 1 1 2 2 2 1 3 3 1 2 2
"54" 0 1 1 1 1 1 1 1 1 1 1 1 1 1 1 1 1 1 2 1 1 1 1 1 1 1 1 1 1 1 2 1
"55" 0 1 0 1 1 1 1 1 1 1 1 1 1 1 1 1 1 1 1 1 2 1 1 1 1 2 1 1 1 1 1 1
"56" 0 0 0 2 1 2 3 1 1 3 3 2 2 1 1 2 1 1 2 1 1 2 1 1 2 1 2 3 2 2 2 2
"57" 0 1 1 1 1 2 2 1 1 2 1 2 1 1 2 1 2 2 2 1 3 1 2 1 1 1 2 5 3 2 2 2
"58" 0 1 1 2 1 2 2 1 1 2 2 2 1 3 2 1 3 2 3 1 1 2 1 1 2 1 3 3 3 2 2 2
"59" 0 0 1 2 3 3 5 5 4 3 3 2 3 1 2 2 4 2 2 2 2 3 2 4 2 3 2 4 3 4 3 3
"60" 0 1 1 2 2 2 3 4 2 2 2 4 2 3 3 5 4 1 3 1 2 2 2 3 3 4 3 3 1 3 2 1
"61" 0 1 0 1 1 1 1 1 1 1 1 1 1 1 1 1 1 1 1 1 1 1 1 1 1 1 1 1 1 1 1 1
"62" 0 0 0 2 2 2 2 1 2 3 3 1 2 1 3 2 1 2 3 1 2 3 1 1 2 1 2 3 3 2 3 2
"63" 1 0 0 1 1 1 1 1 1 1 1 3 1 3 3 4 3 1 3 1 4 3 1 3 1 3 3 4 3 1 3 2
"64" 0 1 0 1 1 1 1 1 1 1 1 1 1 1 1 1 1 1 1 1 1 1 1 1 1 1 1 1 1 1 1 1
"65" 0 1 0 4 3 3 4 3 3 4 2 3 4 3 3 4 3 4 5 3 2 3 4 3 4 3 4 4 5 5 4 4
"66" 0 0 0 1 1 2 2 2 1 3 2 1 1 1 2 2 3 2 1 1 1 2 1 2 2 1 1 1 2 2 2 2
"67" 1 0 0 1 2 1 1 1 1 2 3 1 2 3 2 1 1 3 3 1 1 1 3 1 2 1 2 3 3 3 3 2
"68" 0 1 0 3 4 4 4 1 5 4 2 1 4 4 4 2 3 4 4 3 5 1 2 3 4 4 3 4 3 3 4 2
"69" 0 0 0 2 2 2 4 3 2 2 2 2 2 4 2 1 4 3 4 1 1 2 2 1 3 2 3 4 3 3 4 1
"70" 0 1 1 3 3 3 4 4 4 4 2 3 3 1 3 4 3 2 4 1 1 3 4 1 3 4 4 2 3 4 4 4
"71" 0 1 0 1 1 1 1 1 1 1 1 1 1 1 3 1 1 1 1 1 1 1 1 1 1 3 1 1 1 1 1 1
"72" 0 1 0 1 1 1 1 1 1 1 1 1 1 1 2 1 1 1 1 1 1 1 1 1 1 1 1 1 1 1 1 1
"73" 0 1 0 1 1 1 1 1 1 2 1 1 1 1 1 1 1 1 1 1 1 1 1 1 1 1 1 2 1 2 3 1
"74" 0 1 0 1 1 1 1 1 1 1 1 1 1 1 2 1 2 1 1 1 2 1 1 1 1 2 1 2 1 2 1 1
"75" 1 1 0 3 1 1 3 1 1 3 2 2 1 1 1 3 2 1 3 1 3 1 1 1 2 2 3 3 2 3 3 2
"76" 1 0 1 1 1 1 1 1 1 1 1 1 1 1 1 1 1 1 1 1 1 1 1 1 1 1 1 1 1 1 1 1
"77" 0 1 0 1 1 1 1 1 1 1 1 1 1 1 1 1 1 1 1 1 1 1 1 1 1 1 1 1 1 1 1 1
"78" 0 0 1 1 2 2 2 1 2 2 1 1 3 2 2 2 1 1 3 1 1 1 1 2 2 2 2 4 3 2 1 1
"79" 0 1 0 1 1 1 2 1 1 2 1 1 1 1 1 1 1 1 1 1 1 1 1 1 1 2 1 2 1 1 1 1
"80" 1 1 0 1 1 1 1 1 1 1 1 1 1 1 1 1 2 2 1 1 1 1 1 3 1 1 1 3 2 1 1 1
"81" 0 1 0 1 1 1 1 1 1 1 2 1 1 1 1 1 1 1 1 1 1 1 1 1 1 1 1 1 1 1 1 1
"82" 0 1 0 1 1 1 1 1 1 2 1 2 1 2 1 1 2 1 1 1 1 1 1 1 1 1 1 1 1 1 2 1
"83" 1 1 0 1 1 1 1 1 1 1 1 1 1 1 1 1 1 1 1 1 1 1 1 1 1 1 1 3 1 1 1 1
"84" 0 1 0 1 1 1 1 1 1 1 1 2 1 1 1 1 1 1 2 1 2 1 1 1 2 1 1 1 1 2 1 1
"85" 0 1 0 2 2 3 4 3 2 3 3 3 3 4 3 4 3 3 3 2 4 2 4 2 3 3 3 5 3 3 3 3
"86" 0 0 0 1 1 1 1 1 1 1 1 1 1 1 1 1 1 1 2 1 1 1 1 1 1 1 1 3 1 1 1 1
"87" 0 1 0 1 1 2 4 3 2 3 3 3 2 2 2 4 4 1 3 1 1 2 3 2 3 1 1 5 2 3 3 3
"88" 0 1 0 1 1 1 2 3 4 3 1 1 2 2 1 4 2 1 3 1 3 1 2 1 3 4 3 5 4 2 2 3
"89" 0 0 0 1 1 1 1 1 1 1 1 1 1 1 3 3 1 1 1 1 3 1 1 1 1 1 1 1 1 1 1 1
"90" 0 0 0 3 3 2 2 1 5 2 2 3 2 3 4 3 2 3 2 2 2 1 2 3 3 3 1 2 2 3 3 1
"91" 0 0 0 4 3 4 5 3 5 4 4 4 4 2 3 4 4 5 4 4 5 5 4 1 4 4 5 5 5 4 4 3
"92" 0 1 0 2 2 1 2 1 1 2 1 1 1 2 2 1 1 1 2 1 2 1 1 1 1 2 2 2 2 2 3 2
"93" 0 1 0 1 1 1 1 1 1 1 1 1 1 1 1 1 1 1 1 1 1 1 1 1 1 1 1 1 1 1 1 1
"94" 0 0 0 1 1 1 1 1 1 3 1 1 1 1 3 1 1 1 1 1 2 1 1 1 1 2 1 1 1 1 2 1
"95" 0 0 0 1 1 1 1 1 2 2 2 2 2 1 3 3 4 1 2 1 1 1 1 3 1 2 3 3 1 1 2 2
"96" 1 0 0 1 1 1 1 1 1 1 1 1 1 1 1 1 1 1 1 1 1 1 1 1 1 1 1 2 1 1 1 1
"97" 0 1 0 1 1 1 3 2 2 3 2 4 2 4 3 4 1 1 4 1 1 1 2 1 3 1 5 3 3 4 3 3
"98" 0 0 0 5 4 5 3 2 2 4 4 2 4 2 4 4 3 4 4 2 4 3 4 3 4 4 4 4 2 4 4 4
"99" 1 1 0 1 1 1 1 1 1 1 1 1 1 1 1 1 1 1 1 1 1 1 1 1 1 1 1 1 1 1 1 1
"100" 0 0 1 1 1 1 2 1 1 3 1 1 2 1 1 2 2 1 3 1 1 1 1 3 2 1 2 3 3 2 2 1
"101" 0 1 0 1 1 1 1 1 1 1 1 1 1 1 1 1 1 1 1 1 1 1 1 1 1 2 1 2 2 1 1 1
"102" 0 0 1 1 1 1 2 1 2 2 1 1 2 1 1 1 2 1 2 1 3 1 1 1 2 2 1 3 3 3 2 1
"103" 0 1 0 4 4 3 3 2 3 4 2 5 2 2 3 3 3 4 4 1 5 3 3 3 3 3 4 3 4 4 3 3
"104" 1 1 0 1 1 1 1 1 1 1 1 1 1 1 1 1 1 1 1 1 1 1 1 1 1 1 1 1 1 1 1 1
"105" 0 0 0 2 2 2 2 2 2 2 2 2 2 2 2 2 2 2 2 2 2 2 2 2 2 2 2 2 2 2 2 2
"106" 0 0 0 1 1 1 1 1 1 1 1 1 1 1 1 1 1 1 1 1 1 1 1 1 1 1 1 1 1 1 1 1
"107" 0 1 0 1 1 1 1 1 1 1 1 1 1 1 2 1 1 1 1 1 2 1 1 3 1 1 2 3 2 1 1 1
"108" 0 0 0 1 1 1 1 1 1 3 1 1 1 1 1 1 1 1 1 1 2 1 1 1 1 1 1 1 1 1 2 1
"109" 0 1 0 3 2 1 1 1 1 3 1 1 1 1 1 1 1 2 3 1 2 1 1 1 1 2 3 3 1 2 3 1
"110" 0 1 0 1 1 2 2 1 1 2 1 1 1 1 1 5 1 1 1 1 1 1 1 3 1 3 1 3 4 1 4 1
"111" 0 0 0 1 1 1 1 2 3 3 1 1 1 1 2 1 1 1 2 1 2 1 1 1 1 3 3 4 1 1 3 1
"112" 1 1 1 1 1 4 3 2 2 2 1 3 1 1 3 2 2 1 1 1 3 2 1 3 4 4 1 5 3 3 3 2
"113" 0 1 0 2 1 1 1 1 1 2 1 1 1 2 1 1 2 1 1 1 4 1 1 1 1 1 1 2 1 1 2 1
"114" 0 0 0 2 2 1 1 1 1 3 2 2 1 1 2 1 1 1 2 1 2 1 1 1 2 2 1 1 2 2 2 2
"115" 0 1 0 1 1 1 1 1 1 1 1 1 1 1 1 1 1 1 1 1 1 1 1 1 1 1 1 1 1 1 1 1
"116" 0 1 0 1 1 1 1 1 1 1 3 1 1 1 1 1 1 1 2 1 1 1 1 1 2 1 1 4 2 1 1 2
"117" 0 1 1 1 1 1 1 1 1 1 1 1 1 1 1 1 1 1 1 1 1 1 1 1 1 1 1 2 1 1 1 1
"118" 0 1 1 1 1 1 1 1 1 1 1 1 1 1 1 1 1 1 1 1 1 1 1 1 1 1 1 1 1 1 1 1
"119" 0 0 0 1 1 1 1 1 1 2 2 1 1 1 2 1 2 1 1 1 2 1 1 2 1 1 1 3 2 1 2 2
"120" 0 0 0 1 1 1 1 1 1 2 2 3 1 1 1 2 1 1 1 1 3 1 1 1 1 1 1 3 2 2 3 1
"121" 1 0 0 1 1 1 1 1 2 2 1 1 1 1 2 3 1 1 1 1 2 1 1 1 1 1 2 3 2 1 2 1
"122" 0 0 1 1 1 1 1 1 1 1 1 1 1 1 1 1 1 1 1 1 1 1 1 1 1 1 1 1 1 1 1 1
"123" 0 0 0 1 1 1 1 1 1 1 1 1 1 1 1 1 1 1 1 1 1 1 1 2 1 1 1 2 2 1 2 1
"124" 1 1 1 1 1 1 2 1 1 3 1 1 1 2 2 2 1 1 3 1 1 1 1 3 2 2 2 2 2 2 2 1
"125" 0 1 0 2 2 1 3 1 1 3 1 1 1 1 2 1 1 2 2 1 2 2 1 1 3 3 2 3 2 2 3 2
"126" 0 1 0 1 1 1 1 1 1 1 1 1 1 3 1 1 1 1 1 1 2 1 1 1 1 1 1 1 1 1 1 1
"127" 0 0 0 1 1 1 1 1 1 1 2 1 1 1 1 1 4 1 1 1 1 1 1 1 1 1 1 1 1 1 1 1
"128" 0 0 0 1 1 1 1 1 3 1 1 2 1 1 2 1 3 1 2 1 2 1 1 2 1 2 1 4 4 2 4 1
"129" 0 0 0 3 3 3 4 2 3 3 1 1 2 1 3 1 3 1 5 2 5 1 2 1 4 1 5 3 4 5 5 1
"130" 1 1 0 1 1 1 1 1 1 1 1 1 1 1 1 1 1 1 2 1 1 1 1 1 2 1 1 1 1 1 2 1
"131" 0 1 0 1 1 1 2 1 1 2 1 1 1 3 3 1 1 1 2 1 1 2 1 1 2 3 1 3 1 2 3 1
"132" 1 1 1 1 1 1 1 1 1 1 1 1 1 1 1 1 2 1 1 1 1 1 1 1 1 1 1 1 2 1 1 1
"133" 0 0 1 3 3 4 3 4 4 4 2 2 3 4 4 4 4 2 3 4 3 3 2 4 4 3 3 4 4 3 4 4
"134" 0 0 0 2 2 2 2 1 1 2 1 1 1 3 2 1 2 2 2 1 2 1 2 2 2 3 2 2 3 2 2 1
"135" 0 0 1 1 2 2 4 4 1 2 3 2 3 2 3 1 4 1 2 1 1 3 1 3 3 3 3 3 3 3 2 3
"136" 1 0 0 1 1 1 1 1 1 1 1 1 1 1 1 1 1 1 1 1 1 1 1 2 1 1 1 1 1 1 1 1
"137" 0 1 0 2 1 1 2 1 1 1 1 1 1 1 1 1 3 1 1 1 1 1 1 2 2 1 1 1 2 1 1 1
"138" 0 1 0 4 4 3 2 1 2 2 1 1 1 1 2 1 4 4 2 4 4 2 2 1 3 2 2 3 1 2 1 1
"139" 1 1 1 2 2 2 2 1 1 2 2 1 1 3 2 1 1 2 2 2 1 2 1 1 2 2 2 2 1 2 2 2
"140" 1 0 0 1 1 1 1 1 1 1 1 1 1 1 1 1 1 1 1 1 1 1 1 1 1 1 1 1 1 1 1 1
"141" 0 1 0 3 3 2 5 3 3 4 1 4 2 2 4 4 4 3 5 1 5 2 5 1 3 4 5 5 5 3 4 4
"142" 0 1 1 1 1 1 1 1 1 2 1 2 1 1 2 2 2 1 1 1 2 1 1 1 1 2 2 1 1 2 3 1
"143" 0 1 0 2 1 1 2 1 3 2 1 2 1 1 2 1 3 1 3 1 2 1 3 2 3 3 2 4 2 2 1 1
"144" 0 1 0 1 2 1 1 1 1 1 3 1 1 5 1 1 1 1 1 1 1 1 1 1 1 2 1 3 3 1 4 1
"145" 0 0 0 2 2 3 3 1 2 2 4 2 3 2 5 2 4 2 2 1 3 3 2 4 4 4 2 3 3 3 3 4
"146" 0 0 0 3 2 2 3 3 3 3 2 1 2 3 3 2 2 3 3 1 2 3 3 2 3 4 3 3 3 3 3 2
"147" 0 1 0 3 3 1 1 1 2 3 1 2 1 2 4 1 3 1 4 1 3 1 3 1 1 3 3 4 2 4 4 1
"148" 0 1 0 5 4 4 5 5 2 5 3 5 5 5 3 5 5 4 5 4 3 5 5 4 5 5 5 5 4 5 5 5
"149" 0 1 0 2 2 2 2 2 2 2 1 2 2 2 2 2 3 1 2 1 3 2 3 2 2 2 3 3 3 2 2 2
"150" 1 1 0 1 2 1 2 1 1 3 3 3 2 1 2 1 2 1 2 1 1 2 1 1 3 2 4 3 3 2 4 2
"151" 0 1 0 1 1 1 2 1 1 2 1 2 2 1 2 1 1 2 2 1 2 2 1 3 2 2 2 2 2 2 2 2
"152" 0 1 0 1 1 1 1 1 1 1 1 1 1 1 2 1 1 1 1 1 1 1 1 1 1 1 1 2 1 1 1 1
"153" 1 1 0 1 1 1 1 1 1 1 1 1 1 1 1 1 1 1 1 1 1 1 1 1 1 1 1 1 1 1 1 1
"154" 0 1 1 3 3 4 3 3 5 4 1 1 3 2 1 1 2 2 3 2 3 2 3 2 3 2 2 3 3 3 3 2
"155" 0 1 0 3 1 1 4 1 1 3 1 1 2 1 1 3 1 2 3 1 3 3 3 1 4 1 1 4 3 1 3 1
"156" 0 0 1 1 2 2 1 1 1 2 1 1 1 1 1 1 1 1 1 1 1 1 1 1 2 1 1 3 1 2 1 1
"157" 0 0 0 1 1 1 1 1 1 3 1 3 2 2 2 1 2 1 2 1 4 1 1 1 2 3 3 3 2 2 3 3
"158" 0 1 0 2 2 1 2 1 1 2 1 1 2 2 3 1 2 2 2 2 2 1 1 1 2 3 2 2 2 2 3 1
"159" 1 0 1 1 1 1 1 1 1 1 1 1 1 1 1 1 1 1 1 1 1 1 1 1 1 1 1 1 1 1 1 1
"160" 1 0 0 2 2 2 4 1 2 2 1 3 2 1 2 3 4 1 3 1 2 1 3 4 3 3 2 4 3 2 1 3
"161" 0 1 0 1 2 2 4 3 2 3 3 2 4 2 2 2 4 2 2 1 3 3 2 1 4 4 1 4 3 3 3 4
"162" 1 1 0 1 2 1 1 1 1 3 4 2 1 3 2 1 2 1 2 1 2 1 1 1 2 1 2 3 2 1 1 1
"163" 0 1 0 1 1 1 1 1 1 2 1 1 1 1 1 1 1 1 2 1 1 1 1 1 1 2 1 1 1 2 1 1
"164" 0 1 0 1 1 1 2 1 1 3 2 2 1 2 3 2 2 1 3 1 4 1 1 1 2 3 2 2 1 3 2 2
"165" 1 1 1 4 4 3 4 3 1 4 1 1 3 3 1 1 3 4 4 3 1 3 4 3 3 2 4 3 3 4 3 3
"166" 0 0 1 1 1 1 1 1 1 1 1 1 1 2 1 1 1 1 1 1 1 1 1 1 1 1 1 4 3 2 3 1
"167" 0 1 0 1 1 1 1 1 1 1 2 1 1 2 1 1 2 1 3 1 2 1 1 2 3 1 1 2 2 2 3 1
"168" 0 1 0 1 1 1 2 1 1 1 1 2 1 1 2 1 1 1 2 1 2 1 1 1 1 2 1 3 2 2 1 1
"169" 0 1 0 2 2 1 2 1 1 2 1 2 1 1 2 3 2 2 3 2 3 1 1 1 2 1 2 3 2 2 2 1
"170" 0 0 0 1 1 1 1 1 1 3 1 1 1 1 1 1 1 1 1 1 1 1 1 1 1 3 1 2 1 1 1 1
"171" 0 1 0 2 1 1 2 1 1 3 1 3 1 2 3 1 1 2 2 1 1 1 2 1 1 2 2 4 3 1 4 3
"172" 0 1 0 4 3 3 3 3 4 4 3 2 3 4 4 4 3 4 4 3 4 2 4 1 3 3 4 5 5 4 1 3
"173" 0 1 0 1 1 1 1 1 1 1 1 1 1 2 1 1 1 1 1 1 1 1 1 1 1 1 3 2 1 1 1 1
"174" 0 0 0 4 4 3 5 5 4 5 3 1 5 2 2 4 2 5 4 3 5 3 3 4 4 4 5 5 5 4 5 5
"175" 0 0 0 1 1 1 1 1 1 1 1 1 1 1 1 1 1 1 1 1 1 1 1 1 1 1 1 1 1 1 1 1
"176" 0 1 0 1 1 1 4 3 1 1 1 1 1 2 1 3 2 1 3 1 3 2 2 1 3 3 2 5 3 1 1 1
"177" 1 1 0 3 3 2 3 3 2 3 1 3 3 3 3 2 3 3 3 3 2 3 3 3 3 3 3 3 3 3 3 3
"178" 0 1 0 4 3 4 5 3 3 3 3 4 4 4 3 3 3 4 5 3 5 3 5 1 4 3 4 3 5 5 5 4
"179" 0 1 0 1 1 1 2 1 1 2 1 1 1 1 1 1 2 1 1 1 1 1 1 1 1 2 1 2 1 1 2 1
"180" 1 0 0 1 1 1 3 1 1 2 1 2 1 2 2 2 1 1 1 1 1 2 1 2 2 2 2 2 2 1 2 1
"181" 1 0 1 1 1 1 1 1 1 1 3 1 1 2 1 1 1 1 1 1 2 1 1 1 2 1 1 1 1 1 2 1
"182" 1 1 0 1 1 1 1 1 1 1 1 1 1 2 1 1 1 1 1 1 2 1 1 1 1 1 1 1 1 1 1 1
"183" 1 1 0 1 1 1 2 2 2 1 1 1 1 3 2 3 1 1 2 1 3 1 2 2 1 2 2 3 2 2 2 1
"184" 1 1 0 1 1 1 1 1 1 1 1 1 1 1 1 1 1 1 1 1 1 1 1 1 1 1 1 1 1 1 1 1
"185" 0 1 1 1 1 1 1 1 1 1 1 1 1 1 1 1 1 1 1 1 1 1 1 1 1 1 1 1 1 1 1 1
"186" 1 1 0 3 3 2 3 3 2 2 1 2 2 2 3 3 1 3 3 2 3 3 2 1 3 2 3 3 3 3 3 3
"187" 0 0 0 1 1 1 1 1 1 1 1 1 1 1 1 1 1 1 1 1 1 1 2 1 1 1 1 2 2 1 1 1
"188" 0 0 0 1 1 1 2 1 1 1 1 1 1 1 2 1 1 1 1 1 1 1 1 2 1 1 1 3 1 1 1 1
"189" 0 1 0 1 1 1 2 1 1 2 1 1 1 1 3 1 3 1 2 1 2 1 1 1 2 2 1 5 1 2 3 1
"190" 0 0 0 2 2 1 3 1 1 3 1 1 1 2 2 1 2 2 2 1 1 1 1 1 1 3 1 4 3 2 3 1
"191" 0 1 0 1 1 1 2 1 3 2 2 1 2 2 1 3 2 3 2 1 3 1 1 1 3 1 3 3 3 2 2 3
"192" 0 0 0 1 1 1 1 1 1 1 1 1 1 1 1 1 1 1 1 1 1 1 1 1 1 1 1 1 1 1 2 1
"193" 0 0 1 1 1 1 1 1 1 1 1 1 1 1 1 1 1 1 1 1 1 1 1 1 1 1 1 1 1 1 1 1
"194" 0 1 0 1 1 1 1 1 1 1 5 1 1 1 2 2 3 1 1 1 1 1 1 3 1 1 1 4 1 1 1 1
"195" 0 1 0 1 2 1 2 2 3 1 1 3 2 2 3 2 1 5 2 2 3 1 2 2 2 3 1 1 1 2 2 1
"196" 0 1 0 2 1 1 3 1 1 3 2 1 1 1 1 1 2 1 3 1 2 1 1 1 1 1 2 1 1 3 3 2
"197" 0 0 1 3 2 3 3 4 3 3 3 2 3 2 3 3 2 2 4 2 2 3 3 2 3 3 3 3 4 3 4 3
"198" 0 0 1 2 2 2 3 3 3 2 2 3 2 1 1 1 1 1 1 1 1 1 1 2 3 1 2 1 1 2 2 1
"199" 0 0 0 3 1 1 3 3 2 3 3 1 3 1 1 3 1 3 4 1 1 3 2 4 3 3 3 3 3 3 4 3
"200" 0 1 1 1 1 2 4 3 2 3 3 2 3 4 2 2 4 2 2 1 3 2 2 5 4 2 4 5 4 3 3 4
"201" 0 0 1 1 1 1 1 1 1 3 1 3 1 3 1 1 1 1 1 1 5 1 1 1 1 2 3 2 3 3 3 3
"202" 1 0 1 1 1 1 1 1 2 2 1 1 1 1 2 3 3 1 1 1 1 1 1 1 1 3 2 3 2 1 2 2
"203" 1 0 0 1 2 1 2 1 1 3 1 2 1 2 2 2 2 1 3 1 1 1 1 1 3 3 3 3 2 3 3 1
"204" 1 1 1 1 1 1 1 1 1 1 1 1 1 1 1 1 1 1 1 1 1 1 1 1 1 2 1 2 1 2 1 1
"205" 0 0 0 3 3 3 3 2 4 3 3 3 3 2 2 3 3 4 4 2 3 2 3 4 3 3 3 4 3 3 4 3
"206" 1 0 1 1 1 1 1 1 1 2 1 1 1 2 1 1 1 1 2 1 1 1 1 2 1 1 1 3 2 1 1 1
"207" 0 0 0 1 1 1 2 1 1 3 2 1 2 2 3 1 1 1 4 1 2 2 3 3 2 3 2 3 2 2 2 2
"208" 0 0 0 3 2 3 4 3 3 3 2 4 2 2 3 4 4 2 2 2 4 3 3 1 3 3 3 2 4 4 3 2
"209" 0 1 1 1 1 1 1 1 1 3 1 3 1 1 1 4 4 1 2 1 2 1 1 1 2 3 2 2 4 4 2 2
"210" 1 0 0 1 1 1 2 1 1 1 1 1 1 1 2 1 2 1 2 1 1 1 1 1 1 2 1 2 1 2 1 1
"211" 0 1 0 1 1 1 1 1 1 1 1 1 1 1 1 1 2 1 1 1 1 1 1 2 1 1 1 1 1 1 1 1
"212" 0 1 0 1 1 1 4 1 1 3 1 3 1 1 3 1 1 1 4 1 1 1 1 1 1 1 1 3 3 1 3 1
"213" 1 1 0 1 2 2 3 2 1 2 1 2 2 2 1 1 3 1 2 1 1 1 2 1 2 1 2 2 2 2 2 2
"214" 1 0 0 3 3 3 4 3 2 3 2 3 3 2 3 1 2 3 3 3 2 2 2 2 3 3 4 4 3 3 3 3
"215" 0 1 1 1 1 1 2 1 1 1 1 1 1 1 1 1 3 1 1 1 1 1 2 1 1 2 1 1 1 1 1 1
"216" 0 1 0 2 2 2 3 3 3 3 1 3 2 3 3 3 3 2 3 2 2 2 3 3 2 3 3 4 2 3 3 2
"217" 0 1 1 2 2 2 3 2 2 3 3 3 2 3 4 3 3 2 4 1 3 3 3 1 3 4 4 3 4 3 3 3
"218" 0 0 0 1 1 1 2 2 2 3 1 1 1 1 1 2 1 1 1 1 3 1 2 1 1 2 1 1 1 1 2 1
"219" 0 0 0 1 1 1 1 1 1 1 1 1 1 1 1 1 1 1 1 1 1 1 1 1 1 1 1 1 1 1 1 1
"220" 1 0 1 2 2 1 3 2 2 2 2 3 3 2 2 2 2 1 3 1 2 2 2 1 3 3 2 3 2 2 3 2
"221" 1 0 0 1 1 1 2 1 1 1 1 2 1 1 1 1 2 1 1 1 1 1 1 1 1 1 1 2 2 1 1 1
"222" 0 0 0 2 2 2 2 1 3 2 1 2 2 2 3 4 4 1 2 1 3 1 1 1 2 3 2 3 2 3 2 2
"223" 1 1 0 1 1 1 1 1 1 1 1 1 1 1 1 1 1 1 2 1 1 1 1 1 1 1 2 3 2 1 1 1
"224" 1 0 0 1 1 1 2 1 1 1 1 3 2 3 1 3 2 1 2 1 1 1 1 1 2 1 2 2 1 1 2 1
"225" 0 0 0 1 1 2 2 1 1 1 1 1 1 1 3 1 2 1 1 1 1 1 1 3 2 1 1 3 2 1 4 1
"226" 1 0 1 1 1 1 1 1 1 1 2 1 1 1 1 1 1 1 1 1 1 1 1 1 1 1 1 1 1 1 1 1
"227" 0 0 0 2 2 1 2 1 1 2 1 1 1 1 1 1 2 1 2 1 1 1 1 1 1 1 1 2 2 2 2 1
"228" 0 1 0 1 1 1 1 1 1 1 1 1 1 2 1 1 1 1 1 1 1 1 1 1 2 2 1 2 1 1 1 1
"229" 0 1 1 1 1 1 1 1 1 1 1 1 1 1 1 1 1 1 1 1 1 1 1 1 1 1 1 1 1 1 1 1
"230" 0 1 0 3 3 2 3 3 2 3 3 3 3 3 4 3 3 1 3 1 3 2 3 3 3 2 3 4 3 3 3 1
"231" 0 0 0 3 2 2 3 2 3 2 1 4 2 3 4 2 4 2 3 3 2 2 3 1 2 2 2 4 4 3 3 2
"232" 0 0 1 2 1 1 2 1 1 3 1 2 1 1 2 1 1 1 3 1 1 1 1 2 2 1 1 2 3 1 2 3
"233" 0 1 0 1 1 1 1 1 1 3 1 2 1 2 3 4 1 1 1 1 1 1 1 3 1 1 2 3 2 1 1 1
"234" 0 0 0 1 1 1 3 2 2 2 1 1 1 1 2 1 1 1 1 1 3 2 2 1 3 4 2 1 2 2 2 2
"235" 0 1 0 2 2 2 2 2 2 2 2 2 1 1 2 1 3 2 2 1 1 2 1 2 2 1 2 3 2 2 2 2
"236" 1 0 1 1 1 1 1 1 1 1 1 1 1 1 1 1 1 1 1 1 1 1 1 1 1 1 1 1 1 1 1 1
"237" 0 1 1 1 3 3 3 1 3 3 3 1 3 1 1 1 3 3 1 3 3 3 3 3 1 1 3 1 3 3 3 1
"238" 1 1 0 3 3 3 3 3 3 4 2 3 3 4 4 3 2 3 3 2 3 3 2 1 3 3 3 4 4 3 4 4
"239" 1 1 0 1 1 1 1 1 1 1 1 1 1 3 1 1 2 1 1 1 1 1 1 2 1 1 1 1 1 1 1 1
"240" 0 1 0 2 2 1 2 1 2 3 1 2 1 2 2 3 2 2 3 2 3 1 2 2 2 3 2 2 2 2 2 2
"241" 0 1 1 1 1 2 4 2 3 2 3 1 3 3 4 4 4 1 3 1 3 2 2 4 3 3 3 5 3 4 3 3
"242" 0 1 0 1 1 1 1 1 1 1 1 1 1 1 1 1 1 1 1 1 1 1 1 1 1 1 1 2 1 1 1 1
"243" 0 1 0 1 1 1 1 1 1 1 1 1 1 1 1 1 1 1 1 1 1 1 1 1 1 1 1 3 2 1 3 1
"244" 0 0 1 1 1 1 1 1 1 1 3 3 1 1 3 4 2 1 2 1 4 1 2 2 3 2 2 1 3 2 3 3
"245" 1 0 0 1 1 1 3 1 1 1 1 2 1 1 1 3 1 2 1 1 1 1 1 1 1 1 3 4 2 3 2 1
"246" 1 1 0 1 1 1 1 1 1 1 1 1 1 1 2 1 2 1 2 1 2 1 1 4 1 2 2 4 3 1 3 1
"247" 1 0 0 1 1 1 1 1 1 1 2 1 1 1 1 1 1 1 1 1 1 1 1 1 1 1 1 1 1 1 1 1
"248" 0 1 0 1 1 1 1 1 1 2 1 1 1 1 2 1 1 1 1 1 1 1 1 1 2 1 1 2 2 1 2 1
"249" 1 1 1 1 1 1 1 1 1 1 1 1 1 1 1 1 1 1 1 1 1 1 1 1 1 1 1 1 1 1 1 1
"250" 0 0 0 1 1 1 2 2 3 2 1 1 1 1 1 1 1 1 3 1 2 1 1 1 1 3 1 5 3 1 1 1
"251" 0 0 1 1 1 1 1 1 1 1 1 1 1 2 1 1 1 1 1 1 1 1 1 1 1 1 1 1 1 1 1 1
"252" 0 1 1 1 1 1 1 1 1 1 1 1 1 1 1 2 1 1 1 1 1 1 1 1 1 1 1 2 1 1 1 1
"253" 0 0 1 2 1 1 1 1 1 1 3 1 1 1 2 1 4 1 3 1 2 1 1 1 3 1 2 4 4 2 1 1
"254" 0 0 0 2 1 2 2 2 3 3 1 4 2 4 4 4 2 2 3 1 3 2 2 4 2 4 3 3 2 3 2 1
"255" 0 0 1 2 1 1 2 1 2 3 1 3 1 1 3 4 5 2 4 2 4 1 2 1 2 4 4 5 3 4 3 2
"256" 0 1 0 1 2 1 2 1 1 2 1 1 1 2 2 1 3 1 2 1 2 1 2 1 1 2 2 4 2 2 3 1
"257" 0 1 0 1 1 1 2 1 1 2 1 1 1 2 1 4 1 1 2 1 1 2 1 1 2 1 2 2 2 2 2 2
"258" 0 0 0 1 1 1 1 1 3 3 1 1 1 1 1 3 1 1 3 1 2 1 2 1 1 2 1 2 1 1 1 1
"259" 1 0 0 1 1 1 1 1 1 1 1 2 1 1 1 1 2 1 1 1 2 1 1 1 1 1 1 1 1 2 2 1
"260" 0 0 1 1 1 1 1 1 2 1 1 1 1 1 1 1 1 2 1 1 1 1 1 1 1 1 1 3 1 1 1 1
"261" 0 0 0 1 1 1 1 1 1 2 1 1 1 2 2 1 3 2 2 1 2 1 1 1 2 1 2 1 2 1 1 1
"262" 0 0 0 1 1 1 1 1 1 2 1 1 1 2 1 2 1 1 1 1 1 1 1 1 1 3 2 4 3 2 1 1
"263" 0 1 0 1 1 1 1 1 1 1 1 1 1 1 1 1 1 1 1 1 1 1 1 1 1 1 1 2 1 1 1 1
"264" 0 1 0 2 2 1 2 3 2 2 3 1 2 2 3 1 3 2 3 1 2 1 2 3 2 3 1 3 3 3 2 2
"265" 0 1 1 2 2 1 1 1 1 3 2 1 2 2 3 4 3 1 3 2 2 1 3 1 2 3 2 5 1 2 4 4
"266" 0 1 0 3 2 1 3 1 1 2 1 2 2 1 2 1 3 1 3 1 2 2 3 1 2 2 3 2 3 3 3 2
"267" 0 0 0 1 2 1 5 5 2 3 2 5 2 5 4 3 4 2 2 1 1 3 2 1 3 3 2 5 4 2 4 3
"268" 0 0 1 1 1 1 2 1 1 2 1 3 1 1 2 1 3 1 2 1 1 1 1 1 1 3 2 2 3 2 2 2
"269" 0 1 1 3 1 1 2 1 1 1 1 1 1 1 1 3 1 2 2 2 3 1 2 1 2 1 3 3 3 1 1 2
"270" 0 0 0 2 2 1 3 3 1 3 2 3 2 1 2 1 3 2 3 2 2 1 1 2 1 3 3 4 3 2 3 2
"271" 0 0 1 1 2 1 1 1 2 2 1 1 1 1 1 1 1 1 3 1 4 1 1 1 3 1 3 1 3 3 3 1
"272" 0 0 0 1 1 1 3 1 2 1 1 3 1 1 4 4 4 1 3 1 4 1 1 1 3 3 4 1 1 3 4 3
"273" 0 1 0 1 1 1 3 1 1 3 2 1 1 3 2 1 3 2 3 1 2 1 2 1 3 3 2 3 3 2 2 2
"274" 0 1 0 3 3 3 4 3 1 4 3 1 3 5 4 2 2 2 4 2 1 3 4 1 4 3 3 5 4 4 4 3
"275" 1 0 1 1 1 1 1 1 1 1 1 1 1 2 2 1 2 1 1 1 2 1 1 1 1 1 1 1 1 1 2 1
"276" 0 1 0 1 1 1 1 1 1 2 1 1 1 1 1 1 1 1 1 1 1 1 1 1 1 3 1 2 1 1 1 1
"277" 0 0 0 2 1 2 3 1 1 3 2 3 2 3 3 3 2 1 4 1 2 3 3 2 2 3 4 3 3 2 2 2
"278" 0 0 0 1 1 1 1 1 1 2 2 3 1 1 4 4 2 2 3 1 2 1 2 2 2 2 2 3 3 1 2 1
"279" 0 1 0 2 1 5 3 1 5 3 2 1 1 3 3 1 4 2 3 1 3 1 1 1 3 4 2 1 2 3 3 3
"280" 0 0 0 1 1 1 1 1 1 1 1 3 1 4 2 1 1 1 1 1 1 1 1 2 1 1 2 3 2 1 1 1
"281" 0 0 0 1 1 1 2 1 1 1 1 1 1 1 1 1 1 2 2 1 1 2 1 1 2 1 1 1 1 1 1 1
"282" 0 1 0 3 2 1 2 1 2 2 1 3 1 2 2 2 1 1 4 1 3 2 3 1 2 3 3 4 3 2 3 2
"283" 0 0 0 1 1 1 1 1 1 2 1 1 1 1 1 1 2 1 2 1 2 1 1 3 1 2 1 1 1 1 2 1
"284" 0 1 0 2 2 2 3 4 4 3 3 1 4 2 2 1 2 3 2 2 3 3 4 1 2 2 3 1 1 2 3 3
"285" 0 1 0 2 3 1 2 2 3 2 1 2 1 3 4 2 3 3 3 1 3 1 2 2 2 3 2 3 2 2 2 2
"286" 0 0 0 1 1 1 2 1 1 1 1 1 1 1 2 1 1 1 1 1 2 1 1 2 2 1 1 3 2 1 1 1
"287" 1 1 0 1 1 1 1 1 1 1 2 1 1 2 1 1 1 1 2 1 1 1 1 1 1 1 1 2 1 1 2 1
"288" 0 0 0 2 2 3 4 4 4 4 2 4 2 4 4 4 4 3 4 2 4 4 4 3 4 4 4 4 4 4 4 3
"289" 1 0 1 1 1 1 1 1 1 1 1 1 1 1 1 1 1 1 1 1 1 1 1 1 1 1 1 1 1 1 1 1
"290" 0 1 1 1 1 1 1 1 1 1 1 1 1 1 1 1 1 1 1 1 1 1 1 1 1 1 1 1 1 1 1 1
"291" 0 1 1 2 1 1 3 1 1 2 1 1 1 3 1 1 2 1 3 1 1 1 1 1 3 2 2 4 2 2 3 1
"292" 0 1 0 1 1 2 1 1 2 1 1 2 1 2 2 2 1 1 2 1 1 1 2 2 2 2 2 2 2 2 2 2
"293" 1 0 1 1 1 1 3 1 3 1 1 1 1 1 1 1 1 1 2 1 1 1 1 1 1 1 1 3 1 1 3 1
"294" 0 1 0 3 3 2 2 1 3 3 2 3 1 4 4 2 1 2 4 1 3 1 2 1 2 3 3 4 2 3 3 3
"295" 0 0 0 1 1 1 2 1 1 2 1 1 1 1 1 2 2 2 2 1 2 1 1 1 2 1 1 1 1 1 2 1
"296" 0 0 1 1 1 1 3 2 1 3 2 1 1 2 2 2 2 2 3 1 2 2 3 1 2 2 3 2 3 3 3 3
"297" 0 1 1 5 4 4 5 4 4 4 4 4 4 3 3 5 3 4 4 4 5 4 3 4 5 4 4 4 3 4 4 3
"298" 0 0 0 1 1 1 1 1 1 1 1 1 1 1 1 1 1 1 1 1 1 1 1 1 1 1 2 3 1 1 1 1
"299" 0 0 1 1 1 1 1 1 1 1 1 1 1 1 1 3 1 1 1 1 1 1 1 1 1 1 1 1 1 1 1 1
"300" 0 0 0 1 1 1 2 1 1 2 1 3 1 3 1 1 1 1 1 1 1 1 2 1 2 1 1 3 2 1 1 1
"301" 0 1 0 1 1 1 1 1 1 1 3 1 1 1 1 1 1 1 1 1 1 1 1 1 1 1 1 1 1 1 1 1
"302" 0 0 1 2 1 2 2 1 1 2 2 2 2 2 2 2 2 2 2 1 2 2 2 2 2 2 2 2 2 2 1 2
"303" 0 1 0 2 1 1 1 1 1 2 4 1 1 1 1 2 1 1 2 1 2 1 1 1 1 1 1 2 2 1 3 1
"304" 0 1 0 1 1 1 1 1 1 1 2 1 1 1 2 1 1 1 1 1 1 1 1 1 1 1 1 1 1 1 1 1
"305" 1 0 0 1 1 1 1 1 2 2 2 1 1 1 1 1 1 1 2 1 2 1 1 1 1 1 2 3 1 2 1 1
"306" 0 0 1 3 3 4 4 4 4 3 3 3 3 3 4 3 5 3 4 2 4 4 3 3 3 5 3 3 4 3 4 4
"307" 1 0 1 1 1 1 1 1 1 1 1 1 1 1 1 3 1 1 1 1 1 1 1 1 1 1 2 3 1 1 1 1
"308" 1 1 0 1 1 1 1 1 1 1 2 1 1 2 1 1 1 1 1 1 1 1 1 1 1 1 1 1 1 1 1 1
"309" 0 1 0 1 1 1 1 1 1 2 1 1 1 1 1 2 1 1 1 1 2 1 1 1 1 1 1 4 2 1 2 1
"310" 0 1 0 3 1 2 4 3 3 3 2 3 3 1 2 3 3 3 4 2 3 1 3 1 4 2 4 3 2 4 4 3
"311" 0 1 0 2 1 2 3 2 2 3 2 3 3 1 3 1 4 2 4 1 3 2 1 4 2 3 2 5 5 3 4 2
"312" 1 1 0 2 2 1 2 1 1 2 1 3 1 2 2 2 2 1 1 1 2 1 2 2 2 2 1 1 2 1 2 2
"313" 0 1 0 2 1 1 1 1 1 1 1 3 1 1 1 1 1 1 2 1 2 1 1 1 1 1 1 2 2 2 1 1
"314" 1 1 0 2 2 2 3 2 2 3 2 3 1 3 2 2 2 2 2 2 2 2 2 2 2 2 3 3 3 2 2 1
"315" 0 0 1 1 1 2 2 2 3 2 3 3 1 2 3 3 3 2 3 1 2 2 3 2 3 3 3 3 2 2 3 2
"316" 0 0 0 1 1 1 1 1 1 1 1 1 1 1 1 1 1 1 1 1 1 1 1 1 1 1 1 1 1 1 1 1
"317" 0 1 0 1 1 1 1 1 1 1 1 1 1 1 1 1 1 1 1 1 3 1 1 1 1 1 2 1 3 1 2 1
"318" 0 1 0 2 2 3 3 4 3 3 3 2 2 2 3 3 3 2 4 2 2 2 3 3 3 3 4 5 4 3 3 3
"319" 1 1 0 1 1 1 1 1 3 3 1 1 1 1 2 2 1 1 1 1 4 1 1 1 1 1 1 1 1 2 1 1
"320" 0 1 0 1 1 1 1 1 1 1 1 4 1 2 3 1 1 1 1 1 3 2 1 1 2 1 1 1 1 2 3 1
"321" 0 0 0 2 1 1 3 3 3 3 2 1 1 3 2 2 3 1 4 1 3 1 1 2 3 4 3 3 3 3 3 2
"322" 0 1 0 1 1 1 2 1 2 4 1 1 1 1 2 4 1 1 2 1 4 1 3 1 1 1 1 3 2 2 3 2
"323" 1 1 0 1 1 1 2 1 1 1 1 2 1 1 1 1 1 1 1 1 1 1 1 1 2 1 2 3 3 1 2 1
"324" 0 0 0 1 1 1 3 1 1 1 1 1 1 1 2 1 1 2 3 1 3 1 1 1 2 1 1 2 2 1 2 3
"325" 0 1 0 1 2 1 1 1 1 1 1 1 1 1 1 3 1 1 2 1 3 1 1 1 1 1 1 1 1 1 1 1
"326" 1 1 0 1 1 1 1 1 1 1 1 1 1 1 1 1 1 1 2 1 2 1 1 1 1 3 1 1 1 1 1 1
"327" 0 1 0 2 2 2 3 1 1 2 2 1 1 1 2 1 2 2 2 2 2 1 2 1 2 2 2 4 1 2 2 1
"328" 1 1 0 1 2 1 2 2 1 2 1 2 1 2 2 1 1 2 2 1 1 1 1 3 1 2 1 3 2 2 2 1
"329" 0 1 0 1 1 1 1 1 1 4 1 1 1 1 1 1 1 1 3 1 1 1 2 1 1 1 1 1 1 1 1 1
"330" 0 1 0 1 1 1 1 1 1 1 1 1 1 1 1 1 1 1 1 1 1 1 1 1 1 1 1 1 1 1 1 1
"331" 0 0 0 1 2 1 1 1 1 2 2 2 1 1 2 3 1 3 2 1 2 1 2 2 2 2 1 2 2 2 3 1
"332" 1 0 0 2 1 1 2 1 1 2 1 2 1 2 3 3 2 1 2 1 2 2 1 3 2 1 2 2 3 2 2 2
"333" 0 1 0 3 1 1 3 1 1 3 2 3 1 2 1 3 2 3 2 1 3 1 1 1 4 1 1 4 2 3 3 2
"334" 0 1 1 1 1 1 1 1 1 1 1 1 1 1 1 1 1 1 1 1 1 1 1 1 1 1 1 1 1 1 1 1
"335" 0 1 0 1 1 1 1 1 1 1 1 1 1 1 2 1 3 1 1 1 1 1 1 1 1 1 1 1 1 1 1 1
"336" 0 1 0 1 1 1 1 1 1 1 1 1 1 1 1 1 1 1 1 1 1 1 1 1 1 2 1 2 1 1 1 1
"337" 0 0 0 1 1 1 1 1 1 1 1 1 1 1 1 1 1 1 1 1 1 1 1 1 1 1 1 4 1 1 1 1
"338" 0 1 0 2 1 1 2 2 2 3 2 1 1 3 1 2 2 3 2 1 3 1 1 1 2 2 2 2 3 2 3 2
"339" 0 1 0 3 2 1 2 1 3 3 1 1 2 3 2 3 3 3 3 1 4 1 1 3 1 4 3 4 2 3 3 1
"340" 1 1 1 1 1 1 1 1 1 1 1 2 1 2 2 1 1 1 1 1 1 1 1 2 2 1 1 2 2 2 1 2
"341" 0 1 1 1 1 1 1 1 1 1 1 1 1 1 1 1 1 1 1 1 1 1 1 1 1 1 1 1 1 1 1 1
"342" 0 1 0 1 1 1 1 1 3 1 1 4 2 2 3 3 3 1 1 1 3 1 1 2 1 2 1 2 2 1 3 2
"343" 0 0 1 1 1 2 2 1 2 2 2 1 2 2 2 1 2 2 2 1 1 1 1 1 2 2 2 2 2 2 2 2
"344" 0 1 1 2 2 1 2 1 1 3 3 2 2 2 2 1 2 2 3 2 2 1 2 1 2 2 2 3 2 3 2 2
"345" 0 1 1 4 2 4 4 3 4 4 2 4 4 3 3 4 3 4 4 4 2 3 4 2 4 4 4 4 4 4 4 4
"346" 0 1 0 1 2 1 1 1 1 1 1 1 1 1 1 2 1 1 2 1 1 1 1 1 1 1 1 2 1 1 1 1
"347" 0 1 1 1 1 1 1 1 1 2 1 1 1 1 3 1 1 1 1 1 1 1 1 1 1 1 1 4 1 1 1 1
"348" 1 0 0 3 2 3 3 3 2 3 2 3 2 3 3 2 3 2 3 2 3 3 2 2 3 3 3 3 3 3 2 3
"349" 1 1 1 1 1 2 1 1 1 1 2 1 1 1 1 1 1 1 2 1 1 1 1 1 2 1 1 3 2 1 1 1
"350" 0 1 0 1 2 1 3 3 1 1 1 3 1 1 2 3 3 1 2 1 3 1 1 1 3 1 1 5 4 1 3 1
"351" 1 1 0 2 2 2 3 2 2 3 3 2 2 2 3 3 3 3 3 2 1 2 3 3 3 3 3 3 3 3 3 2
"352" 1 0 1 1 1 1 1 1 1 1 1 1 1 1 1 1 1 1 1 1 3 1 1 1 1 1 1 3 1 1 1 1
"353" 0 0 0 2 2 3 3 3 3 3 2 1 3 1 2 3 2 3 4 2 1 2 3 3 3 1 2 5 2 2 4 2
"354" 0 1 1 1 1 1 2 1 1 1 1 1 1 3 2 1 4 1 2 1 3 1 1 1 2 2 2 3 3 3 3 1
"355" 0 1 0 1 1 1 1 1 1 1 1 1 1 1 1 1 1 1 1 1 2 1 1 1 1 1 1 1 1 1 2 1
"356" 0 1 0 1 1 1 1 1 1 1 1 2 1 1 2 2 2 1 3 1 3 1 1 1 1 2 1 1 1 2 1 1
"357" 0 1 1 2 3 3 2 2 2 3 2 2 3 2 2 1 3 2 3 1 3 1 3 1 3 2 3 3 2 3 3 3
"358" 1 0 0 1 1 1 1 1 1 1 1 1 1 1 1 1 1 1 1 1 1 1 1 1 1 1 1 3 1 1 1 1
"359" 0 0 0 1 1 1 1 1 1 1 1 1 1 1 1 1 1 1 1 1 1 1 1 1 1 1 1 2 1 1 1 1
"360" 0 1 1 2 2 3 4 3 3 4 3 5 4 4 3 4 2 3 5 3 5 4 5 2 4 5 5 3 4 5 4 3
"361" 0 1 0 1 1 1 1 2 1 3 1 4 1 1 1 2 4 2 4 1 2 2 4 1 4 1 5 4 2 2 1 1
"362" 0 0 0 1 1 1 1 1 1 3 1 1 1 1 1 1 1 1 1 1 1 1 1 1 1 1 1 3 1 1 1 1
"363" 1 1 1 1 1 1 3 1 1 3 2 2 1 1 2 3 1 1 3 1 1 1 1 1 2 1 2 2 3 2 2 1
"364" 0 1 0 1 1 1 2 1 1 1 1 3 1 1 1 1 2 1 3 1 1 1 1 2 1 1 1 4 4 1 3 1
"365" 0 1 0 4 3 5 3 2 2 5 1 2 4 2 2 5 2 4 2 1 3 3 5 5 3 3 5 1 2 2 4 3
"366" 0 1 0 1 1 1 1 1 1 2 1 2 1 1 2 2 1 2 2 1 2 1 1 1 2 2 2 3 2 1 1 1
"367" 0 0 0 1 1 1 1 1 1 1 1 1 1 1 1 1 1 1 1 1 1 1 1 1 1 1 1 1 1 1 1 1
"368" 0 0 0 1 1 1 1 1 3 1 1 1 1 3 4 1 3 1 1 1 3 1 1 3 1 1 2 2 2 1 3 2
"369" 1 0 1 1 1 1 1 1 1 1 1 1 1 1 1 1 1 1 1 1 1 1 1 1 1 1 1 3 1 1 1 1
"370" 0 1 1 1 1 1 1 1 1 1 1 1 1 1 1 1 1 2 1 1 1 1 1 1 1 1 1 1 1 1 2 1
"371" 0 0 1 1 2 2 2 1 2 2 1 1 1 2 2 1 1 3 3 1 1 2 1 1 1 2 2 3 2 1 1 3
"372" 0 1 0 1 1 1 1 1 1 1 1 1 1 1 1 1 1 1 1 1 1 1 1 1 1 2 1 1 1 1 1 1
"373" 0 1 1 1 1 1 1 1 1 1 2 1 1 1 1 1 1 1 1 1 1 1 1 1 1 1 1 2 1 1 1 1
"374" 1 1 0 1 1 1 1 1 1 2 1 3 1 1 1 3 1 1 1 1 1 1 1 1 1 3 1 4 3 1 1 1
"375" 0 0 0 1 1 1 1 1 2 1 1 1 1 1 1 1 1 1 2 1 1 1 1 1 1 1 1 2 2 1 1 1
"376" 0 0 0 1 1 1 2 1 1 2 2 1 1 1 2 1 2 1 2 1 3 1 2 2 2 3 3 3 3 2 2 2
"377" 0 0 0 1 1 1 1 1 2 1 3 1 1 1 1 1 1 2 1 1 1 1 1 1 1 1 1 1 1 1 1 1
"378" 0 1 0 1 1 2 2 1 2 3 1 3 1 1 3 1 1 1 3 1 3 1 1 1 2 4 2 5 3 2 3 1
"379" 1 1 0 1 2 2 3 1 1 3 2 2 1 2 2 2 2 1 3 1 2 1 1 1 2 3 3 3 2 3 3 1
"380" 0 1 0 2 2 2 2 3 3 3 1 2 2 2 3 3 3 2 3 2 3 2 3 3 3 4 3 5 3 3 3 2
"381" 0 0 0 1 1 1 1 1 1 1 1 1 1 2 1 1 1 1 1 1 1 1 1 1 1 1 1 2 2 1 1 1
"382" 0 1 0 2 2 1 1 1 1 2 1 1 1 1 2 1 2 1 2 1 1 1 1 1 2 2 3 1 2 1 3 1
"383" 0 0 1 2 2 1 2 1 2 3 2 1 2 1 3 1 1 3 2 1 2 1 1 2 2 4 2 3 1 2 4 2
"384" 1 0 1 1 1 1 1 1 1 1 1 2 1 1 1 2 1 1 2 1 1 1 1 1 1 1 1 1 1 1 1 1
"385" 0 0 0 1 1 1 1 1 1 1 1 1 1 1 1 1 1 1 1 1 1 1 1 1 1 1 1 1 1 1 1 1
"386" 0 1 0 1 1 1 2 2 1 2 3 1 2 2 3 2 3 2 2 1 2 2 1 3 2 3 1 1 2 2 2 2
"387" 0 0 0 3 4 2 5 5 4 4 1 3 4 4 4 4 2 3 5 3 3 4 4 2 4 5 4 5 5 4 4 4
"388" 0 0 0 2 2 3 2 3 3 2 2 3 3 3 2 3 2 3 3 2 3 2 2 3 2 2 2 3 4 3 2 2
"389" 0 0 0 1 1 1 1 1 1 1 1 1 1 1 1 1 1 1 1 1 1 1 1 2 1 1 1 1 1 1 1 1
"390" 0 1 0 1 2 1 3 2 1 2 2 1 1 1 2 1 4 2 2 1 2 1 1 1 2 1 1 4 4 2 3 3
"391" 0 0 1 1 1 1 2 1 1 1 1 1 1 1 2 1 1 1 1 1 1 1 1 1 2 2 2 1 1 1 2 1
"392" 0 0 0 1 1 1 2 1 2 2 2 1 2 1 2 2 2 2 1 1 2 1 1 1 1 2 2 1 2 1 1 1
"393" 0 1 0 1 2 1 2 1 1 2 1 2 1 1 1 1 2 1 2 1 2 1 1 2 2 3 1 1 1 2 2 1
"394" 0 1 0 1 1 1 1 1 1 2 1 1 1 2 1 1 1 1 1 1 1 1 1 2 1 1 3 4 3 1 1 1
"395" 0 1 0 1 1 1 1 1 1 2 1 1 1 1 2 2 2 1 2 1 2 1 1 1 2 3 2 3 2 2 2 1
"396" 0 1 0 2 3 2 3 1 1 3 4 3 1 1 2 1 2 1 2 1 1 1 1 2 3 2 2 3 2 2 3 2
"397" 0 0 1 3 2 2 4 2 2 4 3 3 4 2 3 3 4 3 4 2 4 3 2 2 4 3 3 2 3 4 4 4
"398" 0 1 1 4 3 3 3 3 3 4 1 2 4 5 4 4 4 4 4 3 5 3 4 2 4 3 4 2 3 3 5 3
"399" 0 1 0 1 1 2 3 2 2 2 2 1 2 1 3 2 2 2 2 2 2 2 2 3 2 3 2 3 2 2 2 1
"400" 0 0 0 2 1 2 1 1 1 3 1 2 1 1 2 2 1 1 2 1 2 1 1 1 1 1 1 3 3 1 1 1
"401" 0 0 0 1 1 1 2 3 3 1 1 1 1 3 3 2 3 2 1 1 2 2 1 2 2 3 1 3 2 2 3 1
"402" 1 1 1 1 1 1 1 1 1 2 1 1 1 1 1 1 1 1 3 1 1 1 1 3 1 1 3 3 2 2 2 1
"403" 0 1 1 1 1 1 1 1 1 2 1 1 1 1 3 1 1 2 2 1 3 1 1 1 1 2 2 1 1 2 1 1
"404" 0 1 0 3 3 4 3 4 4 3 2 3 3 3 3 4 4 3 4 3 3 3 3 2 3 3 3 4 4 3 3 3
"405" 1 1 0 1 1 1 1 1 1 1 1 1 1 1 1 1 1 1 1 1 1 1 1 1 1 1 1 1 1 1 1 1
"406" 0 1 0 3 3 3 3 3 2 4 3 4 3 3 4 3 3 3 3 2 4 2 2 3 4 3 3 4 4 4 4 3
"407" 0 0 0 2 1 1 1 1 2 2 1 1 1 2 2 1 1 1 2 1 1 1 1 4 2 2 1 2 2 1 2 1
"408" 1 0 1 1 2 2 2 1 3 2 3 1 1 2 1 2 1 1 2 1 1 1 1 1 3 2 2 1 1 1 2 1
"409" 0 1 0 1 1 1 1 1 1 2 2 1 1 1 1 1 2 1 2 1 1 1 2 1 2 1 2 2 3 1 3 1
"410" 0 1 0 1 1 1 1 1 1 1 1 1 1 1 1 1 1 1 1 1 1 1 1 1 1 1 1 3 1 1 2 1
"411" 0 1 1 1 1 1 1 1 1 1 1 1 1 1 1 1 1 1 1 1 1 1 1 1 1 1 1 1 1 1 1 1
"412" 0 1 0 2 2 2 4 4 2 3 3 2 3 4 4 1 3 3 3 2 4 2 4 2 3 4 3 3 3 3 3 3
"413" 1 1 1 2 1 1 1 1 2 1 2 1 1 2 3 1 2 1 2 1 2 2 1 3 2 2 2 4 2 2 2 1
"414" 1 1 0 1 1 1 1 1 1 1 1 2 1 1 1 3 1 1 1 1 1 1 1 1 1 2 2 1 1 1 1 1
"415" 0 1 0 4 5 3 4 1 4 4 3 5 5 4 4 5 3 5 5 5 5 3 4 2 4 4 5 3 3 4 4 5
"416" 0 1 1 2 2 2 2 2 2 3 1 3 2 2 3 2 3 1 3 1 3 2 1 2 2 4 2 3 3 3 3 2
"417" 0 0 0 1 1 1 1 1 1 2 1 1 1 1 3 1 1 1 1 1 1 1 1 1 1 1 2 1 1 1 1 1
"418" 0 1 0 1 2 1 3 2 1 3 1 1 2 4 4 1 4 1 3 2 1 1 1 3 2 4 1 2 2 3 2 1
"419" 1 1 0 1 1 1 2 1 2 2 1 2 1 2 3 2 2 2 2 1 2 1 1 4 3 3 3 3 2 2 2 2
"420" 0 1 0 1 3 2 3 3 3 3 2 1 3 2 3 1 3 1 3 2 2 3 1 1 3 3 1 5 4 2 3 3
"421" 0 1 0 3 3 3 4 1 2 2 3 1 3 5 3 1 4 5 3 2 2 2 3 1 3 2 3 2 4 3 2 2
"422" 1 1 0 1 1 1 1 1 1 1 1 1 1 2 1 1 1 1 2 1 1 1 1 1 1 1 1 3 3 2 1 1
"423" 0 0 0 1 1 1 1 1 1 1 1 1 1 1 2 1 3 1 1 1 2 1 1 1 1 2 1 1 1 1 2 1
"424" 0 0 0 1 1 1 2 3 4 2 1 3 1 1 2 1 4 1 3 1 1 2 1 1 2 1 1 2 3 2 1 1
"425" 0 1 0 2 2 1 2 1 1 3 2 2 1 3 2 4 2 3 4 1 2 2 3 1 3 3 3 4 3 3 2 1
"426" 0 1 0 1 1 1 2 1 1 2 1 1 1 2 3 4 1 1 1 1 2 1 1 1 2 2 1 2 1 1 1 1
"427" 0 1 0 1 2 1 2 1 1 1 1 1 1 1 1 1 1 1 3 1 1 2 1 1 2 1 1 1 2 2 2 1
"428" 0 0 1 3 2 3 5 2 2 5 3 5 3 5 5 5 3 5 5 1 5 4 4 3 5 4 5 1 4 5 5 4
"429" 0 0 0 1 1 1 2 1 1 1 1 2 1 1 1 1 1 1 2 1 1 1 1 1 2 2 2 1 2 1 1 1
"430" 0 1 0 1 1 1 1 1 1 1 1 1 1 1 1 1 1 1 1 1 3 1 1 1 1 1 1 1 1 1 1 1
"431" 1 1 0 1 1 1 1 1 1 1 1 1 1 1 1 1 1 1 1 1 1 1 1 1 1 1 2 1 1 1 1 1
"432" 0 1 0 1 1 1 1 1 1 2 1 1 1 1 1 1 1 1 1 1 2 3 1 1 1 1 1 1 1 1 1 1
"433" 0 0 0 1 1 1 4 1 1 3 1 1 1 1 3 1 1 1 4 1 1 3 2 1 1 3 2 1 2 3 3 1
"434" 1 1 0 1 1 1 1 1 1 1 1 2 1 1 2 1 1 1 1 1 1 1 1 1 1 2 1 3 2 1 2 1
"435" 0 0 0 1 1 1 1 1 1 2 1 1 1 1 1 1 1 1 2 1 2 1 1 1 1 1 1 2 1 1 1 1
"436" 0 1 0 1 2 2 3 2 1 2 2 3 2 2 2 1 1 2 2 1 3 1 2 2 3 3 2 2 2 2 3 1
"437" 1 1 1 1 1 1 3 1 1 1 1 2 1 1 1 1 1 1 1 1 4 1 1 2 2 1 1 1 1 1 2 2
"438" 0 0 0 1 1 1 1 1 1 1 1 1 1 1 3 1 1 1 1 1 1 1 1 3 1 1 1 1 1 1 1 1
"439" 0 0 1 1 3 1 2 1 2 3 3 2 2 2 2 2 1 2 2 2 1 2 1 2 2 2 2 3 3 2 2 2
"440" 0 1 0 2 3 1 4 1 1 4 4 3 1 2 3 2 3 2 3 1 1 3 3 2 4 3 4 4 3 3 3 2
"441" 0 0 0 1 1 1 1 1 1 2 1 1 1 1 2 1 1 1 1 1 1 1 2 1 1 1 1 3 3 1 2 2
"442" 0 1 0 1 1 2 1 1 1 3 1 1 1 1 1 1 1 1 2 1 2 1 1 1 1 2 2 2 1 1 2 1
"443" 0 1 0 2 1 1 2 1 2 2 1 1 1 2 2 1 2 1 2 1 1 1 2 1 2 2 2 3 2 1 2 1
"444" 1 1 0 1 1 1 1 1 1 1 1 3 1 1 1 4 1 1 1 1 1 1 1 1 1 1 2 1 1 1 1 1
"445" 0 1 0 1 3 1 1 1 5 3 1 1 1 1 2 1 1 1 5 1 2 1 5 3 1 1 5 1 3 1 3 1
"446" 0 1 0 1 1 1 1 1 1 2 1 1 1 1 1 1 1 1 3 1 1 1 1 1 1 1 1 1 1 1 3 1
"447" 0 1 1 3 3 2 3 3 3 3 2 1 3 2 2 3 2 2 4 3 3 2 3 2 3 2 3 3 3 3 4 3
"448" 1 1 0 1 1 1 3 3 1 2 1 1 1 3 1 1 1 1 1 1 3 1 1 3 1 1 1 1 1 1 1 1
"449" 0 1 1 1 1 1 3 2 1 2 1 3 1 1 2 2 2 1 2 1 2 1 2 1 1 2 1 2 2 1 1 3
"450" 0 1 1 3 2 3 3 3 3 4 2 4 2 2 3 3 3 2 3 2 4 3 2 2 3 4 2 4 3 3 3 3
"451" 0 0 0 1 1 1 1 1 1 1 1 1 1 1 1 1 1 1 1 1 2 1 1 2 1 1 1 2 1 1 2 1
"452" 0 1 0 2 1 1 1 1 1 1 1 1 1 5 3 3 3 1 2 1 2 1 2 2 2 2 2 3 3 1 2 1
"453" 0 1 1 1 1 1 2 1 1 1 1 1 1 1 1 1 3 1 1 1 2 1 1 2 1 4 1 1 1 1 3 1
"454" 0 1 0 2 2 1 2 1 2 3 2 2 3 4 3 1 3 2 2 1 3 2 2 1 2 3 2 4 4 2 2 2
"455" 0 0 1 1 1 2 4 3 3 3 3 5 2 2 4 3 3 4 3 1 3 4 3 3 2 4 3 5 3 3 3 3
"456" 0 0 0 1 1 1 1 1 1 1 1 1 1 1 1 1 1 1 1 1 1 1 1 1 1 1 1 1 1 1 1 1
"457" 0 1 0 2 4 2 2 2 3 4 1 3 3 3 2 2 3 2 4 3 4 2 3 3 3 3 3 3 3 3 4 2
"458" 0 1 1 2 3 1 2 3 1 3 2 2 1 3 2 2 2 1 3 1 3 2 3 1 2 5 2 3 3 3 2 2
"459" 0 0 1 1 1 1 1 1 1 1 1 2 1 1 1 4 1 1 2 1 1 1 1 3 1 1 1 1 1 2 3 1
"460" 0 0 0 2 1 2 2 2 1 2 2 2 2 1 1 2 2 2 2 2 1 2 2 1 2 2 2 3 2 3 1 2
"461" 0 0 0 3 4 3 4 3 4 3 2 3 3 3 3 4 2 3 4 2 3 3 3 3 4 3 3 3 4 4 4 4
"462" 1 1 1 3 3 1 3 1 3 3 2 4 2 2 3 2 3 3 3 2 4 2 3 1 3 3 3 2 3 3 3 2
"463" 1 1 0 1 1 1 1 1 1 2 1 1 1 1 1 1 1 1 1 1 1 1 1 1 1 1 2 2 2 1 2 1
"464" 0 0 0 1 1 1 3 3 1 1 3 1 2 3 2 1 1 1 3 1 1 2 1 2 1 1 4 4 4 1 3 2
"465" 0 0 1 2 2 2 2 1 2 3 1 2 1 2 2 1 1 2 2 1 4 1 2 2 3 4 1 3 3 4 3 3
"466" 0 0 0 2 3 3 3 3 3 2 3 2 3 2 2 3 3 3 3 3 2 2 3 2 3 2 2 3 3 3 3 3
"467" 0 0 0 1 1 1 2 2 1 3 2 4 1 1 4 1 4 1 3 1 2 4 1 3 2 3 3 2 3 3 4 3
"468" 0 0 0 1 1 1 1 1 2 2 1 1 1 1 1 1 2 1 1 1 2 1 1 1 1 2 1 4 3 1 1 1
"469" 0 0 1 1 1 1 2 1 1 3 3 3 2 2 2 4 4 1 2 1 2 1 1 2 3 2 2 4 4 3 4 2
"470" 0 0 0 2 1 1 2 1 1 2 2 1 1 2 3 3 2 2 2 1 3 1 3 2 1 1 1 1 2 1 2 1
"471" 0 0 0 1 1 1 1 1 1 1 1 1 1 1 1 1 1 1 1 1 2 1 1 1 1 1 1 2 1 1 1 1
"472" 0 0 0 1 1 1 1 1 1 1 1 1 1 1 1 1 1 1 1 1 1 1 1 1 1 1 1 1 1 1 1 1
"473" 0 1 1 1 1 1 1 1 1 1 1 1 1 1 1 1 1 1 1 1 1 1 1 1 1 1 1 3 1 1 1 1
"474" 0 0 0 3 2 1 3 1 2 3 1 4 1 4 3 3 1 3 1 2 2 1 1 3 3 3 2 3 3 4 4 3
"475" 0 0 0 3 2 3 3 1 1 2 3 1 1 1 3 2 1 1 3 1 2 2 1 1 3 1 1 1 1 3 1 1
"476" 0 1 0 1 1 2 4 3 3 3 1 1 3 1 1 5 3 3 3 1 3 1 1 3 3 2 3 1 1 4 3 3
"477" 0 1 0 1 1 1 1 1 1 1 2 1 1 1 4 1 3 1 1 1 2 1 1 1 1 1 1 3 1 1 3 1
"478" 0 0 0 1 1 1 1 1 1 1 1 1 1 1 1 1 1 1 1 1 1 1 1 1 1 1 1 1 1 1 1 1
"479" 0 1 0 1 2 1 3 1 1 2 1 1 1 1 3 2 4 1 3 1 2 2 3 2 3 3 1 3 4 3 4 2
"480" 1 0 0 1 2 3 3 2 1 2 3 3 1 2 2 2 3 1 2 1 2 1 1 1 3 2 2 3 3 2 3 2
"481" 0 1 1 4 4 4 4 3 3 4 2 2 3 4 4 3 2 4 4 3 5 2 4 1 4 4 4 4 4 4 4 3
"482" 1 1 1 1 1 1 1 1 1 2 1 1 1 2 2 1 2 1 1 1 1 1 1 1 2 2 1 3 2 1 2 1
"483" 0 1 0 1 2 1 2 1 2 3 1 1 1 1 1 1 2 1 3 1 2 1 1 1 3 3 3 2 1 3 3 1
"484" 0 1 0 1 2 1 3 1 1 4 1 1 2 2 2 4 2 2 4 1 4 1 3 2 3 3 2 2 3 1 3 4
"485" 0 1 0 2 2 3 3 3 3 4 3 2 3 2 3 4 2 2 4 1 3 3 3 1 2 3 3 2 4 3 3 2
"486" 1 0 0 1 1 1 1 1 2 1 1 1 1 1 1 1 1 1 1 1 1 1 1 1 1 1 1 1 1 1 1 1
"487" 0 1 0 2 1 1 1 1 1 1 1 2 1 1 1 1 3 1 1 1 3 1 2 1 2 2 1 1 2 1 1 1
"488" 0 0 0 1 1 1 1 1 3 2 1 1 1 2 3 1 3 1 2 1 1 1 2 2 2 2 1 5 4 1 3 1
"489" 0 1 0 1 1 1 2 1 1 3 2 2 2 1 1 1 1 1 2 1 1 1 1 1 1 1 3 5 3 1 1 2
"490" 1 0 0 1 1 1 1 1 2 1 1 1 1 1 1 1 1 1 1 1 1 1 1 1 1 1 1 1 1 1 1 1
"491" 0 1 0 1 1 1 1 1 1 1 1 2 1 1 1 1 1 1 1 1 2 1 1 1 2 2 1 1 1 2 1 1
"492" 0 0 0 2 2 2 1 3 2 2 2 1 3 2 3 2 2 1 3 1 3 1 3 1 2 3 1 4 2 3 4 2
"493" 0 0 0 1 1 1 2 1 1 2 1 1 1 1 1 1 1 1 1 1 2 1 1 2 2 2 1 1 1 1 1 1
"494" 1 0 0 1 1 1 1 1 2 1 4 1 1 1 2 1 1 1 2 1 1 1 1 1 1 1 1 4 3 2 1 1
"495" 0 1 1 2 3 3 3 2 2 2 3 3 2 2 2 2 3 2 3 2 2 2 3 4 3 2 2 5 3 2 3 2
"496" 0 0 0 1 1 1 1 1 1 1 1 1 1 1 1 1 2 1 2 1 2 1 1 1 1 2 1 1 2 2 1 1
"497" 0 0 0 1 1 1 3 1 1 3 1 1 1 1 2 1 1 3 2 1 3 1 1 1 1 2 1 2 1 3 1 1
"498" 0 1 0 1 1 1 2 1 1 1 3 1 1 2 2 1 1 1 2 1 1 1 1 1 1 2 1 3 1 2 3 1
"499" 0 0 1 1 1 1 1 1 1 1 1 1 1 1 3 1 2 1 1 1 1 1 1 2 1 1 1 1 2 1 1 1
"500" 0 0 1 2 2 1 3 1 1 2 1 1 3 2 3 1 1 1 2 1 3 1 1 1 2 2 1 3 3 2 1 1
"501" 0 1 0 1 1 1 2 1 1 2 2 1 1 1 1 1 2 1 1 1 3 1 2 1 3 1 1 2 1 1 2 1
"502" 0 0 1 3 3 4 3 3 4 3 3 3 3 3 3 3 4 4 4 3 4 3 3 4 3 4 4 4 4 3 3 3
"503" 1 0 0 1 2 1 2 1 1 2 2 1 1 3 2 1 1 1 1 1 1 1 1 1 1 1 1 1 3 1 2 1
"504" 0 1 1 1 1 1 1 1 1 4 1 1 1 1 1 1 1 3 4 1 3 1 1 1 1 1 2 2 1 1 3 1
"505" 0 0 0 1 1 1 1 2 2 1 3 2 1 1 2 1 1 1 2 1 2 1 3 2 1 3 2 3 2 1 2 2
"506" 0 0 0 1 1 1 2 1 1 1 1 3 1 1 2 1 2 2 2 1 3 1 1 1 2 1 1 1 1 1 3 1
"507" 1 1 0 2 2 1 2 1 2 2 2 1 1 1 2 2 2 2 2 2 2 1 1 1 2 3 2 1 2 2 2 1
"508" 0 0 0 1 1 1 1 1 1 2 1 2 1 1 1 1 1 1 3 1 1 1 1 1 1 2 1 3 2 3 3 1
"509" 0 1 1 2 2 1 2 1 1 2 2 3 2 2 2 3 2 2 2 2 2 2 2 1 1 2 3 4 2 1 2 1
"510" 0 0 0 1 1 1 1 1 2 1 1 1 1 2 2 2 1 1 1 1 3 1 1 1 1 2 1 2 1 2 1 1
"511" 0 0 1 3 3 3 3 3 4 3 3 3 3 4 3 4 4 3 4 3 4 3 3 3 3 3 3 3 3 3 3 3
"512" 1 0 1 1 1 1 1 1 1 3 2 3 1 3 2 3 3 1 1 1 2 1 1 1 1 2 1 1 2 2 2 3
"513" 0 0 0 1 2 2 2 1 2 2 1 2 2 1 2 2 2 1 2 1 2 1 2 1 2 2 2 2 2 2 2 2
"514" 1 1 1 1 1 1 1 1 1 1 1 1 1 1 1 1 1 1 1 1 1 1 1 1 1 1 1 1 1 1 1 1
"515" 0 0 0 1 1 1 1 1 2 1 1 1 1 1 2 1 1 1 1 1 3 1 1 1 1 2 1 1 2 2 1 1
"516" 0 0 1 1 1 1 2 2 1 2 1 3 1 1 2 1 1 1 2 1 1 2 1 2 2 2 2 2 2 2 1 2
"517" 0 1 1 2 2 1 4 3 3 3 2 2 2 2 2 3 2 2 2 1 3 1 4 1 3 2 2 2 4 2 4 2
"518" 0 1 0 1 2 1 1 3 1 1 3 1 1 1 2 1 2 1 1 1 1 1 1 1 2 1 2 3 2 2 2 1
"519" 1 1 0 1 1 1 1 1 1 1 1 1 1 1 1 1 1 1 1 1 1 1 1 1 1 1 2 4 2 1 1 1
"520" 1 1 0 1 1 1 1 1 1 1 1 1 1 2 1 1 1 1 2 1 1 1 1 1 1 1 1 3 1 1 1 1
"521" 1 0 0 3 2 2 3 2 2 3 2 4 1 3 3 4 3 2 3 1 4 1 2 3 2 2 3 3 2 3 3 3
"522" 0 1 1 1 1 1 2 1 2 3 1 2 1 1 2 2 2 1 1 1 3 1 1 1 1 2 2 4 4 2 2 1
"523" 1 0 0 1 1 1 1 1 1 1 1 1 1 1 1 1 1 1 1 1 1 1 1 1 1 1 1 3 1 1 1 1
"524" 1 1 0 1 2 1 2 1 1 2 2 2 1 3 3 1 1 2 2 1 2 1 2 1 2 2 2 3 2 2 2 2
"525" 0 1 0 1 1 1 2 1 1 2 1 1 1 1 2 2 2 2 3 1 3 2 2 1 2 2 2 2 2 2 3 1
"526" 1 0 0 1 1 1 1 1 1 1 1 2 1 1 1 1 1 1 2 1 1 1 1 1 1 1 2 1 1 2 2 1
"527" 1 1 0 1 1 1 2 1 1 1 1 1 1 1 1 1 1 1 2 1 1 1 1 1 1 1 1 3 2 1 2 1
"528" 0 0 0 2 2 2 3 3 4 4 2 4 1 2 3 3 3 1 4 2 3 3 2 1 3 3 2 3 3 3 4 3
"529" 0 0 0 1 1 1 3 1 1 3 1 1 1 1 3 4 3 1 3 1 3 2 1 3 2 4 3 4 4 2 3 2
"530" 1 0 1 1 1 1 2 1 1 1 1 1 1 1 1 1 2 1 2 1 1 1 1 1 1 1 1 2 1 1 1 1
"531" 0 0 0 1 1 1 1 1 1 1 1 1 1 1 1 1 1 1 1 1 1 1 1 2 1 1 1 1 1 1 1 1
"532" 1 0 0 1 1 1 2 1 1 3 1 1 1 2 1 1 2 1 2 1 2 1 1 1 2 2 2 2 2 1 1 1
"533" 1 0 0 1 1 1 2 1 1 1 1 2 1 1 2 1 2 1 1 1 1 1 1 1 1 1 1 1 2 1 1 1
"534" 0 0 1 1 1 1 1 1 1 1 1 1 1 1 1 1 3 1 2 1 1 1 1 1 2 2 1 2 2 1 1 1
"535" 0 0 0 1 1 1 2 1 1 2 1 1 1 1 2 1 1 1 2 1 4 1 1 1 1 1 2 2 2 1 2 1
"536" 0 1 0 1 1 1 2 1 1 1 2 1 1 1 2 1 2 1 2 1 3 1 1 1 2 3 1 1 1 2 2 1
"537" 1 0 0 1 1 2 1 1 3 2 3 3 1 2 2 3 2 1 4 1 2 3 3 1 3 1 3 4 3 3 3 3
"538" 0 0 0 2 1 1 1 1 1 3 1 1 1 2 2 3 2 1 2 1 1 2 2 3 2 1 2 3 1 2 2 1
"539" 0 1 1 1 1 2 1 1 1 1 3 1 1 1 2 4 1 1 3 1 4 1 3 3 2 3 3 3 4 4 4 1
"540" 1 0 1 1 2 1 3 1 4 2 3 2 2 2 3 1 1 2 3 2 2 2 2 3 2 2 2 3 2 2 3 1
"541" 0 1 0 2 2 3 3 3 3 4 2 1 3 2 5 5 5 2 5 2 5 2 3 1 4 5 3 2 3 5 5 3
"542" 0 1 1 1 1 1 1 1 1 2 1 1 1 1 2 4 1 1 2 1 1 1 1 1 1 2 1 2 2 2 2 1
"543" 1 1 1 2 1 1 2 1 1 2 1 2 1 2 1 1 1 1 2 1 1 1 1 1 1 1 1 3 2 1 1 1
"544" 0 0 0 3 1 3 4 2 3 2 1 4 3 3 5 4 2 3 3 1 3 4 4 2 3 5 4 5 3 3 3 3
"545" 0 0 0 1 1 1 2 1 1 3 1 1 2 1 1 2 3 1 2 1 2 1 2 2 2 1 2 3 4 2 3 3
"546" 0 1 0 1 1 2 1 1 1 3 1 1 1 1 2 1 1 2 3 1 2 1 1 1 1 2 1 3 3 2 2 1
"547" 0 1 1 1 1 1 1 1 1 1 1 1 1 1 1 1 1 1 1 1 1 1 1 1 1 1 1 1 3 1 1 1
"548" 0 0 1 3 1 2 3 1 4 4 4 1 2 1 5 4 3 3 3 2 1 2 3 1 2 3 4 5 4 3 4 4
"549" 1 0 0 1 1 1 1 1 1 2 1 1 1 1 1 1 1 1 1 1 1 1 1 1 1 1 1 4 2 1 1 1
"550" 0 0 1 3 1 2 3 2 3 3 3 3 3 1 2 3 2 3 4 1 3 2 2 3 3 2 4 4 3 3 3 3
"551" 1 1 0 1 1 1 1 1 1 2 1 1 1 1 1 1 1 1 1 1 1 1 1 1 1 1 1 1 1 1 1 1
"552" 0 0 0 4 3 1 3 3 3 4 1 2 3 4 2 4 3 4 3 3 4 2 4 2 3 2 4 4 4 3 3 2
"553" 0 0 0 1 1 1 1 1 1 1 1 1 1 1 3 1 1 1 2 1 1 1 1 1 2 2 1 1 1 1 1 1
"554" 0 0 0 5 5 5 5 5 5 5 5 5 5 5 5 5 5 5 5 5 5 5 5 5 5 5 5 5 5 5 5 5
"555" 1 0 0 2 2 1 1 1 1 3 1 2 1 2 2 1 2 1 3 1 1 1 1 1 2 2 3 3 2 2 3 2
"556" 1 0 0 1 1 1 1 1 1 1 1 1 1 1 1 1 1 1 1 1 1 1 1 1 1 1 1 2 1 1 1 1
"557" 0 1 0 1 1 1 2 2 1 3 3 1 2 1 3 1 3 2 3 1 3 1 2 4 3 2 2 3 3 2 2 2
"558" 0 1 0 2 2 2 2 2 2 2 2 2 2 2 2 2 2 2 2 2 2 2 2 2 2 2 2 2 2 2 2 2
"559" 1 0 0 3 2 1 3 2 2 2 3 3 2 1 2 4 3 3 3 1 3 2 2 3 2 3 4 4 3 3 3 2
"560" 0 0 1 1 1 1 1 1 1 2 1 1 1 1 1 3 1 1 3 1 2 1 1 1 1 1 1 2 3 1 1 1
"561" 1 0 1 3 2 3 3 2 2 3 3 3 2 2 3 3 2 2 3 2 3 2 2 2 2 1 3 3 2 3 3 2
"562" 0 1 0 3 3 3 3 2 4 4 1 2 3 3 2 2 2 3 4 3 4 2 3 1 3 3 3 2 3 3 4 3
"563" 1 0 0 1 1 1 1 1 2 2 1 1 1 1 2 1 1 1 1 1 1 1 1 1 1 2 2 1 1 1 1 1
"564" 1 0 0 1 1 1 1 1 1 1 1 1 1 1 1 1 1 1 1 1 1 1 1 1 1 1 1 3 1 1 1 1
"565" 0 1 0 1 1 1 1 1 2 2 2 1 1 1 1 1 1 1 1 1 1 1 1 2 1 3 1 1 1 1 1 1
"566" 0 0 0 1 1 1 1 1 2 1 5 1 1 1 1 2 1 1 1 1 1 1 1 2 1 1 1 3 2 1 1 1
"567" 0 0 0 1 1 1 1 1 1 1 1 1 1 1 1 1 1 1 1 1 1 1 1 1 1 1 1 1 1 1 1 1
"568" 0 1 0 1 1 1 1 1 1 4 1 1 1 1 3 1 3 1 3 1 1 1 1 1 1 3 1 1 4 3 1 1
"569" 1 0 0 1 1 1 1 1 1 1 1 1 1 1 1 1 1 1 1 1 1 1 1 1 1 1 1 2 1 1 1 1
"570" 1 1 0 2 2 2 2 2 2 3 2 3 1 2 2 3 2 2 2 1 3 2 2 1 3 2 2 3 3 2 3 2
"571" 1 0 0 1 1 1 1 1 1 1 2 1 1 2 2 1 1 1 1 1 2 1 1 1 1 2 1 1 1 1 2 1
"572" 1 1 0 2 1 1 3 3 1 2 3 2 2 2 1 1 2 2 2 1 2 2 3 3 2 2 3 2 3 3 3 2
"573" 0 0 0 1 1 1 1 1 1 2 1 1 1 1 2 1 3 1 1 1 3 1 1 3 1 3 1 3 1 1 2 1
"574" 1 1 0 2 1 1 2 2 1 2 2 1 1 2 2 1 2 2 2 1 2 1 2 1 2 2 2 2 2 2 2 2
"575" 0 0 0 1 1 1 1 1 1 1 1 1 1 1 1 1 1 1 1 1 1 1 1 1 1 1 1 1 1 1 1 1
"576" 1 0 0 1 1 1 1 1 1 1 1 1 1 1 1 3 1 2 1 1 3 1 1 1 1 1 1 1 3 1 1 1
"577" 1 0 0 1 1 1 1 1 1 1 1 2 1 1 2 1 3 1 2 1 2 1 1 1 1 1 2 2 1 1 1 1
"578" 1 1 0 1 1 1 1 1 1 1 1 1 1 1 1 1 1 1 1 1 1 1 1 1 1 1 1 1 1 1 1 1
"579" 0 1 0 1 1 1 1 1 1 1 1 1 1 1 2 1 1 1 1 1 1 1 1 1 1 1 1 1 2 1 2 1
"580" 0 0 0 1 1 1 1 1 1 1 3 3 3 1 1 1 1 1 1 1 1 1 1 2 1 1 1 1 1 1 1 1
"581" 0 0 0 3 1 1 2 1 2 3 1 1 1 1 1 1 2 1 1 1 4 1 1 1 1 2 3 2 4 2 3 1
"582" 1 1 0 1 1 1 1 1 1 1 1 1 1 1 1 1 1 1 1 1 1 1 1 1 1 1 1 1 1 1 1 1
"583" 1 1 1 1 1 1 1 1 1 1 1 1 1 1 1 1 1 1 1 1 1 1 1 1 1 1 1 1 1 1 1 1
"584" 0 0 0 1 1 1 1 1 1 1 1 1 1 1 2 1 1 1 1 1 1 1 1 1 1 1 1 3 3 1 1 1
"585" 0 1 1 1 1 1 1 1 1 1 1 1 1 1 1 1 1 1 1 1 1 1 1 1 1 1 1 3 1 1 1 1
"586" 0 1 0 4 5 4 4 5 4 4 4 4 4 4 3 4 4 4 4 3 4 5 4 2 4 3 4 2 4 4 4 3
"587" 1 0 1 3 3 3 4 3 3 3 4 2 2 3 3 2 3 2 3 3 3 2 2 3 3 3 3 4 3 3 3 3
"588" 0 0 0 4 4 4 5 4 5 3 4 4 4 3 3 4 3 5 4 3 5 3 5 3 3 5 4 5 4 4 4 3
"589" 1 0 0 1 1 1 1 1 1 1 2 1 1 1 1 1 1 1 1 1 1 1 1 1 1 1 1 2 1 1 1 1
"590" 0 1 0 1 2 2 2 2 2 2 1 1 2 1 1 1 1 2 2 1 1 1 1 1 2 1 1 1 2 1 3 1
"591" 0 1 0 1 1 2 1 1 1 2 1 2 1 3 3 5 2 3 2 1 3 1 1 1 2 2 4 4 4 1 3 1
"592" 0 0 1 1 2 1 2 1 1 2 2 3 1 2 2 2 3 3 2 1 1 2 1 1 2 2 2 1 2 2 2 1
"593" 1 0 0 1 1 1 3 1 1 1 1 2 1 3 1 3 1 1 2 1 1 1 1 1 2 1 1 1 1 1 1 1
"594" 1 1 0 1 1 1 1 1 1 2 1 1 1 1 3 1 1 1 1 1 1 1 1 1 1 2 2 2 1 1 1 1
"595" 1 1 0 1 2 1 2 1 1 2 2 1 1 2 2 1 3 1 2 1 2 1 1 1 1 1 2 2 1 2 2 2
"596" 1 0 0 1 1 1 1 1 1 1 1 2 1 1 1 1 1 1 1 1 1 1 1 1 1 1 1 2 1 1 1 1
"597" 1 1 0 4 3 3 4 4 4 4 3 3 3 2 3 2 3 3 4 2 3 3 4 4 3 5 4 4 3 4 3 2
"598" 0 0 0 1 1 1 1 1 1 1 1 1 1 1 1 1 1 1 1 1 1 1 1 1 1 1 1 1 1 1 1 1
"599" 0 1 0 2 1 1 2 1 1 2 1 1 1 1 1 1 1 2 2 1 1 1 2 3 1 1 1 3 1 1 2 1
"600" 1 0 1 1 1 1 1 1 2 1 1 2 1 2 1 1 1 1 2 1 2 2 1 1 1 1 2 2 2 2 2 1
"601" 1 1 0 2 1 2 3 1 2 3 1 2 1 2 3 3 2 2 3 1 3 2 2 1 3 4 3 2 2 3 3 2
"602" 0 1 0 1 1 1 1 1 1 1 2 1 1 2 1 1 1 2 1 1 3 1 1 1 1 1 2 2 1 1 1 1
"603" 1 1 1 1 1 1 1 1 1 1 1 1 1 1 1 1 1 1 1 1 1 1 1 1 1 1 1 1 1 1 1 1
"604" 1 0 0 2 2 2 2 1 1 3 1 2 2 2 2 3 3 2 3 2 2 2 1 3 2 2 2 3 2 2 2 2
"605" 0 1 0 2 3 2 2 2 2 3 3 3 2 2 2 2 2 3 3 1 2 1 2 1 3 3 3 3 3 2 3 3
"606" 0 1 0 1 1 1 1 1 1 2 1 1 1 1 1 2 1 1 2 1 2 1 1 1 2 2 1 1 1 3 1 1
"607" 1 0 0 1 1 1 1 1 1 1 1 2 1 2 1 1 1 1 1 1 2 1 1 1 1 1 2 3 2 1 1 1
"608" 1 1 1 1 1 1 2 1 1 1 3 1 1 1 1 3 2 1 1 1 1 1 1 1 3 1 1 4 1 2 1 1
"609" 1 0 1 1 1 1 1 1 1 1 1 1 1 1 1 1 1 1 1 1 1 1 1 1 1 2 1 1 1 1 1 1
"610" 0 1 0 3 2 3 3 2 4 2 2 4 2 2 3 3 2 3 3 1 3 4 3 2 3 4 3 3 3 3 3 2
"611" 1 1 1 1 1 1 1 1 1 1 1 1 1 1 1 1 1 1 1 1 1 1 1 1 1 1 1 1 1 1 1 1
"612" 0 1 1 1 2 3 3 3 3 3 2 3 2 2 3 3 4 3 3 1 3 3 3 3 3 3 3 2 2 2 4 1
"613" 0 0 0 1 1 1 3 2 2 2 2 1 1 2 2 1 3 1 2 1 3 1 1 1 2 1 2 2 2 2 3 2
"614" 0 1 1 1 1 1 1 1 1 1 1 1 1 2 2 1 3 1 2 1 2 1 1 1 1 2 2 2 2 1 1 1
"615" 0 1 0 1 1 1 2 1 1 2 1 1 1 1 2 1 1 1 2 1 2 1 2 1 2 2 2 3 2 1 2 1
"616" 1 0 0 1 1 1 1 1 1 1 1 1 1 1 1 1 1 1 1 1 1 1 1 1 1 1 1 1 1 1 1 1
"617" 1 1 0 1 1 1 1 1 1 1 1 1 1 1 3 1 3 1 2 1 1 1 1 1 1 3 1 1 2 1 1 1
"618" 0 1 0 1 1 1 2 1 3 2 3 3 1 2 3 1 2 1 1 1 1 1 1 2 3 3 1 4 4 1 4 2
"619" 1 0 0 1 1 1 1 1 1 1 1 1 1 1 1 1 1 1 1 1 1 1 1 1 1 2 1 1 1 1 1 1
"620" 0 1 0 3 2 2 3 1 2 2 1 1 2 1 3 2 3 1 3 1 1 2 1 3 3 2 1 3 3 3 3 1
"621" 0 1 0 1 1 2 2 1 3 1 1 1 1 2 1 1 3 1 1 1 1 1 1 1 1 2 1 1 1 1 4 1
"622" 1 0 0 1 1 1 1 1 1 2 1 2 1 2 2 1 2 1 1 1 1 1 1 1 2 1 1 2 1 1 2 1
"623" 0 0 1 3 2 4 3 4 4 3 3 3 3 2 3 3 3 3 4 2 3 3 3 3 4 4 3 4 4 4 3 2
"624" 1 0 0 1 1 1 1 1 1 1 1 1 1 1 1 1 1 1 1 1 1 1 1 1 1 1 1 1 1 1 1 1
"625" 1 0 0 1 1 1 2 1 1 2 1 2 1 2 2 2 2 1 2 1 3 1 1 1 2 1 2 3 2 2 2 2
"626" 1 0 0 1 1 1 1 1 1 1 1 2 1 1 1 1 1 1 1 1 2 1 1 1 1 1 2 1 1 2 1 1
"627" 0 0 0 1 1 1 1 1 1 1 1 1 1 1 1 1 2 1 1 1 1 1 1 1 1 1 1 3 2 1 1 1
"628" 0 1 1 1 1 2 3 2 2 2 3 3 2 2 2 3 3 1 2 1 4 1 1 3 3 4 1 4 3 3 3 1
"629" 1 1 0 2 1 1 1 1 1 2 1 2 1 1 2 3 1 1 1 1 1 1 1 3 2 2 2 3 2 2 2 1
"630" 1 0 0 1 1 1 1 1 1 1 1 1 1 1 1 1 1 1 1 1 1 1 1 1 1 2 1 4 1 1 1 1
"631" 1 0 0 1 1 1 1 1 1 1 1 2 1 1 1 1 1 1 1 1 1 1 1 1 1 1 1 1 1 1 1 1
"632" 1 0 0 1 1 1 1 1 1 1 1 1 1 1 1 1 1 1 1 1 1 1 1 1 1 1 1 1 1 1 1 1
"633" 0 0 0 1 1 1 1 1 1 1 2 1 1 1 1 1 1 1 2 1 1 1 1 1 1 3 1 2 1 1 1 1
"634" 0 1 0 2 3 3 4 3 3 3 2 3 2 2 2 3 4 3 3 2 3 2 3 3 3 3 3 2 3 3 4 3
"635" 0 0 1 1 1 1 1 1 1 1 2 1 1 1 1 3 1 1 1 1 3 1 1 1 2 1 2 3 2 2 1 1
"636" 0 0 1 1 1 2 2 1 1 1 1 1 1 1 1 1 1 1 2 1 1 2 1 2 3 1 1 4 3 3 2 1
"637" 0 0 0 1 2 1 2 1 1 3 1 1 1 1 1 1 1 1 3 1 2 2 1 1 1 3 1 3 1 2 2 1
"638" 0 1 1 2 1 1 4 2 2 3 2 2 1 1 2 2 2 2 3 2 4 2 3 1 3 3 2 4 3 3 5 2
"639" 0 1 0 1 1 1 2 1 1 3 1 2 1 1 2 1 1 2 1 1 1 1 1 1 1 1 2 1 2 1 3 1
"640" 0 1 0 2 2 2 2 1 2 2 2 1 1 2 2 2 2 2 3 1 2 1 1 2 2 1 2 2 2 2 3 2
"641" 0 1 0 2 2 3 4 3 3 4 3 3 1 5 5 1 3 3 2 3 5 2 1 1 2 4 1 5 4 4 3 3
"642" 1 1 0 1 1 1 1 1 1 2 2 1 1 1 1 1 1 1 1 1 1 1 1 1 1 1 1 3 1 1 1 1
"643" 0 0 0 1 1 1 1 1 1 1 1 1 1 1 1 1 1 2 2 1 2 1 1 1 1 1 1 1 1 1 2 1
"644" 1 0 0 2 1 2 2 1 2 2 3 2 2 2 3 3 2 1 3 1 1 2 1 1 3 3 3 4 2 2 2 2
"645" 1 1 0 3 3 3 2 3 2 3 1 3 1 3 1 1 1 1 3 1 3 2 3 1 1 2 3 2 3 3 3 1
"646" 1 0 0 1 1 1 1 1 1 1 1 1 1 1 1 1 1 1 1 1 1 1 1 1 1 1 1 1 1 1 1 1
"647" 1 1 0 1 1 1 2 1 2 1 1 1 1 1 1 1 3 1 3 1 1 1 1 3 1 1 3 2 3 1 2 2
"648" 1 0 0 1 1 1 2 1 2 2 1 1 1 1 3 2 1 2 1 1 2 2 1 2 1 2 1 3 1 2 1 2
"649" 0 1 0 2 2 3 4 5 4 4 2 5 2 2 5 4 3 2 4 2 5 3 4 5 4 5 5 5 4 4 4 3
"650" 0 1 0 1 1 1 2 1 1 2 1 1 1 1 1 1 1 1 1 1 1 1 1 1 1 1 1 2 1 1 1 1
"651" 0 1 0 1 1 1 1 1 1 1 1 1 1 1 3 1 3 1 1 1 2 1 2 1 1 2 1 5 1 1 1 1
"652" 0 1 0 2 2 2 2 1 2 2 2 2 2 2 2 1 1 1 2 2 2 1 2 4 2 1 2 4 3 1 2 2
"653" 1 0 0 1 1 1 1 1 1 1 1 1 1 1 3 1 1 1 1 1 1 1 1 1 1 1 1 1 1 1 1 1
"654" 0 1 1 1 1 1 1 1 1 2 1 1 1 1 1 1 1 1 1 1 1 1 1 1 1 1 1 1 1 1 1 1
"655" 0 0 0 1 1 1 1 1 1 2 2 2 1 1 2 1 1 1 1 1 2 1 1 1 1 2 1 1 1 2 1 1
"656" 0 0 0 1 1 1 1 1 1 1 1 1 1 1 1 1 1 1 1 1 1 1 1 1 1 1 1 1 1 1 1 1
"657" 0 0 0 3 3 2 4 3 3 3 3 2 3 3 3 3 4 1 4 2 3 2 2 4 3 3 2 4 4 3 4 2
"658" 0 0 0 1 1 1 1 1 1 3 1 3 1 1 1 1 1 1 1 1 1 1 2 1 1 3 2 2 1 1 1 1
"659" 0 0 0 2 2 3 2 1 1 2 2 2 2 1 2 1 1 1 2 1 3 1 1 2 2 2 2 2 2 1 1 2
"660" 0 1 0 1 1 1 1 1 1 1 1 1 1 2 3 1 1 2 1 1 1 1 1 1 1 2 1 3 1 1 1 1
"661" 1 0 1 1 1 1 1 1 1 3 1 1 1 1 1 1 1 1 1 1 1 1 1 2 1 1 1 1 1 1 1 1
"662" 0 1 0 1 1 1 1 1 1 1 1 3 1 1 2 1 1 1 3 1 1 1 1 1 2 2 1 1 1 1 2 1
"663" 0 1 0 1 2 1 1 1 1 2 3 2 1 2 1 1 1 1 1 3 1 1 2 1 2 1 3 3 1 1 1 1
"664" 1 0 0 1 1 1 2 1 1 1 1 1 1 2 1 1 1 1 2 1 1 1 1 1 1 2 1 2 2 2 2 1
"665" 0 0 1 1 1 1 1 1 1 3 1 1 1 2 1 1 1 1 1 1 1 1 1 1 1 1 2 2 2 1 1 2
"666" 0 1 0 1 1 1 1 1 1 2 1 1 1 1 1 1 2 1 2 1 1 1 1 1 2 1 2 2 1 2 1 1
"667" 0 1 0 2 1 3 3 2 4 4 2 2 2 3 3 3 3 1 3 1 4 2 2 1 3 3 3 4 4 3 3 2
"668" 1 1 0 1 1 1 1 1 1 1 1 1 1 1 1 1 1 1 1 1 1 1 1 1 1 1 1 1 1 1 1 1
"669" 0 1 0 1 1 2 1 1 1 2 1 1 1 2 1 1 1 1 2 1 1 1 1 2 2 2 1 1 3 2 1 1
"670" 0 1 0 3 3 3 4 4 4 3 2 1 2 1 3 4 3 4 4 2 4 2 3 2 3 4 4 4 3 4 5 3
"671" 1 1 0 1 1 1 1 1 1 1 1 1 1 1 1 1 1 3 2 1 1 1 1 1 1 1 1 3 1 1 1 1
"672" 0 1 0 3 1 1 3 1 2 3 1 1 2 2 2 1 2 3 3 1 3 2 1 2 3 1 3 1 3 4 3 1
"673" 1 0 0 1 1 1 1 1 1 1 1 2 1 1 2 3 1 1 1 1 2 1 1 1 1 1 2 1 1 1 1 1
"674" 0 0 0 1 1 1 1 1 1 1 1 1 1 1 1 1 1 1 1 1 1 1 1 1 1 1 1 1 1 1 1 1
"675" 0 0 0 1 1 1 1 1 1 1 1 1 1 1 3 3 1 1 1 1 3 1 1 1 1 1 1 1 1 1 1 1
"676" 0 1 0 1 1 1 1 1 2 1 4 1 1 3 1 1 1 1 1 1 2 1 1 1 1 1 2 1 1 3 3 1
"677" 0 0 0 1 1 1 1 3 1 1 1 3 1 4 3 1 1 1 3 1 2 2 3 1 1 3 4 1 3 2 3 2
"678" 0 0 0 1 1 1 1 1 1 1 1 1 1 1 1 1 3 1 1 1 1 1 1 1 1 1 1 2 1 1 1 1
"679" 0 0 0 4 3 4 4 4 5 3 2 3 1 3 5 3 2 3 4 2 4 4 4 2 3 2 4 5 3 3 3 3
"680" 0 0 0 2 2 1 1 1 1 2 1 1 1 2 1 1 1 2 2 1 1 1 1 1 2 2 1 2 2 1 2 2
"681" 0 1 0 1 1 1 1 1 1 1 1 1 1 1 1 1 1 1 1 1 1 1 1 1 1 2 1 3 1 1 1 1
"682" 0 1 0 1 1 1 1 1 1 1 1 1 1 1 1 1 1 1 1 1 1 1 1 1 1 1 1 1 1 1 1 1
"683" 0 0 0 2 1 1 1 1 2 2 1 2 1 1 1 1 1 1 1 1 1 1 1 1 1 1 1 1 2 2 2 1
"684" 0 1 0 1 1 2 1 1 1 2 1 2 1 2 2 1 1 1 2 1 2 1 2 1 1 4 2 2 2 1 2 2
"685" 0 0 0 2 1 1 1 1 3 3 1 1 1 1 2 1 1 2 3 1 2 1 1 1 2 2 3 1 2 2 3 1
"686" 0 1 1 1 1 1 2 1 1 3 1 2 1 1 2 2 2 1 3 1 3 1 2 2 3 3 2 2 3 3 3 2
"687" 0 0 0 1 1 1 1 1 1 2 1 2 1 1 2 2 1 1 1 1 2 1 1 1 2 2 1 1 1 1 2 1
"688" 0 0 0 1 1 1 2 1 1 1 1 1 1 1 2 1 1 1 2 1 2 1 1 1 2 2 1 2 2 1 2 1
"689" 0 1 1 2 1 2 2 1 1 3 2 3 1 2 2 2 3 1 3 1 1 1 1 2 3 3 2 2 3 1 3 2
"690" 1 1 0 2 2 1 3 3 1 3 1 1 1 2 3 1 2 2 3 1 2 1 1 1 2 1 2 2 2 2 2 1
"691" 0 0 0 1 1 1 1 1 1 1 1 1 1 1 3 1 1 1 1 1 1 1 1 3 1 1 1 3 1 1 1 1
"692" 1 0 0 1 1 1 1 1 1 1 1 1 1 1 1 1 1 1 1 1 1 1 1 1 1 1 1 1 1 1 1 1
"693" 0 0 0 1 1 1 2 1 2 2 1 1 1 1 3 1 1 1 3 1 2 1 1 1 1 3 1 3 1 1 1 1
"694" 1 0 0 1 1 1 2 1 1 2 1 2 1 1 2 1 1 1 2 1 1 1 1 1 1 2 2 2 1 2 1 1
"695" 0 1 0 1 1 1 1 1 1 1 1 1 1 2 1 1 1 1 1 1 1 1 1 2 1 1 1 1 1 1 1 1
"696" 0 0 0 1 1 1 2 2 1 2 1 2 1 1 1 1 1 1 1 1 1 1 1 2 2 1 2 2 2 1 2 2
"697" 0 0 0 1 1 1 1 1 1 2 1 1 1 1 1 1 1 1 1 1 1 1 1 3 1 1 1 4 2 2 1 1
"698" 0 0 1 3 3 3 4 3 2 3 3 3 4 2 2 4 3 3 3 2 3 3 3 3 3 3 2 4 4 3 3 2
"699" 0 1 0 1 1 1 2 1 1 1 1 4 1 1 1 3 1 1 3 1 2 1 1 1 1 3 1 1 1 2 1 1
"700" 0 1 0 2 2 1 2 1 1 3 1 1 1 1 2 1 3 1 3 1 3 1 1 1 2 1 3 3 2 3 3 1
"701" 0 1 0 2 2 2 3 2 3 3 2 3 2 2 3 3 4 3 4 2 4 2 4 2 3 3 3 4 3 2 3 2
"702" 0 0 0 1 1 1 1 1 1 1 1 1 1 1 1 3 1 1 1 1 1 1 1 1 1 1 1 3 1 1 1 1
"703" 0 0 0 1 1 1 1 1 1 1 1 1 1 1 1 1 1 1 1 1 1 1 1 1 1 1 1 1 1 1 1 1
"704" 0 0 1 1 1 1 1 1 1 1 3 1 1 2 1 1 2 1 1 1 3 1 1 1 1 1 1 1 1 1 1 1
"705" 0 0 1 1 1 1 1 1 1 2 1 1 1 3 1 1 1 1 1 1 1 1 1 2 1 1 1 1 1 1 1 1
"706" 1 0 0 1 1 1 1 1 1 2 1 1 1 1 1 1 1 1 1 1 1 1 1 1 1 1 1 1 1 1 1 1
"707" 0 1 0 1 1 1 1 1 1 1 1 1 1 1 1 1 1 1 2 1 1 1 1 1 1 1 1 1 1 1 1 1
"708" 0 0 1 1 1 1 1 1 1 2 3 1 1 1 1 1 1 1 1 1 3 1 1 3 1 1 1 2 1 1 1 1
"709" 0 1 1 4 4 4 5 5 4 3 4 4 4 5 3 4 4 4 4 4 3 4 4 4 4 4 4 4 3 4 4 4
"710" 0 0 0 2 2 2 2 1 1 2 1 2 1 1 2 2 2 2 2 2 1 1 1 1 2 2 1 2 2 2 2 1
"711" 0 1 0 2 1 1 2 1 1 3 3 2 1 2 3 3 2 2 3 1 1 1 1 1 3 3 2 1 1 3 3 2
"712" 0 1 0 1 1 1 3 3 2 3 1 1 1 1 2 1 1 1 2 1 3 1 1 1 1 1 2 3 1 1 2 1
"713" 1 0 0 1 1 1 1 1 1 1 1 1 1 1 1 1 1 1 2 1 1 1 1 1 1 1 1 1 2 1 2 1
"714" 1 0 0 2 2 1 1 1 1 2 1 2 1 2 1 1 3 2 3 1 2 1 1 2 2 2 3 3 1 2 2 1
"715" 1 0 0 1 1 1 1 1 1 2 2 1 1 1 1 1 1 1 2 1 2 1 2 1 2 2 2 2 1 2 1 1
"716" 0 0 0 1 1 1 2 1 1 1 1 1 1 1 2 1 2 1 1 1 1 1 1 1 1 1 1 3 1 1 2 1
"717" 0 1 0 2 1 1 1 1 1 2 1 1 1 1 2 3 1 1 1 1 1 1 1 2 1 2 2 1 1 1 2 1
"718" 0 1 0 1 1 1 3 3 3 3 1 3 2 2 1 1 1 1 2 1 3 1 1 1 1 3 1 3 1 1 2 1
"719" 0 0 0 2 1 1 2 3 3 3 1 2 1 1 2 4 2 1 3 1 2 1 2 1 2 4 2 2 3 3 2 2
"720" 0 0 0 1 1 2 4 4 3 3 2 3 2 2 4 5 3 1 4 1 5 3 1 1 4 4 4 3 3 4 3 2
"721" 0 1 0 1 1 1 3 3 1 1 1 1 1 1 1 1 1 1 3 1 3 1 1 1 3 1 3 1 1 3 2 1
"722" 1 0 0 1 1 1 2 1 1 1 1 1 1 1 2 1 1 1 1 1 2 1 1 1 1 1 1 2 1 1 1 1
"723" 0 0 0 1 1 1 2 1 1 1 2 1 1 1 1 1 1 1 1 1 1 1 1 1 1 1 2 1 1 2 1 1
"724" 0 0 0 2 2 2 2 1 2 2 1 3 2 2 2 2 2 3 2 1 2 2 2 2 2 2 2 3 3 1 2 2
"725" 1 0 0 1 1 1 1 1 1 1 1 1 1 1 1 1 1 1 1 1 1 1 1 1 1 1 1 1 1 1 1 1
"726" 1 0 0 1 1 1 2 1 1 1 1 2 1 2 2 1 1 1 1 1 1 1 1 1 1 2 1 1 1 1 2 1
"727" 1 0 0 2 1 2 2 1 2 2 3 2 2 3 2 1 2 2 2 2 3 1 3 3 1 2 2 2 2 3 2 3
"728" 1 0 0 1 1 1 1 1 1 1 1 1 1 1 1 1 1 1 2 1 1 1 1 1 1 1 1 1 1 1 2 1
"729" 1 0 0 1 1 1 1 1 1 2 1 1 1 1 2 1 2 1 1 1 1 1 2 1 1 2 2 2 2 1 2 2
"730" 0 1 0 4 3 3 4 4 4 3 3 1 3 1 3 2 2 4 4 2 2 3 3 2 4 3 2 2 3 4 4 3
"731" 1 0 0 1 1 1 2 1 1 1 1 1 1 1 2 1 2 1 1 1 1 1 1 2 1 1 1 3 1 1 2 1
"732" 1 1 0 1 1 1 2 1 2 2 1 2 1 2 1 1 2 1 3 1 2 1 1 2 2 2 2 3 3 3 3 2
"733" 0 0 0 1 1 1 1 1 1 1 1 1 1 1 2 1 1 1 1 1 3 1 1 1 2 1 1 2 3 2 1 1
"734" 1 0 0 1 1 1 2 1 1 2 1 1 1 2 2 1 1 1 2 1 1 1 1 1 3 1 2 3 3 2 2 2
"735" 0 0 0 2 2 2 2 3 3 3 3 1 2 1 2 1 3 2 3 1 4 2 2 2 3 3 2 2 4 2 3 3
"736" 1 0 0 1 1 1 1 1 1 3 1 1 1 1 1 1 1 1 2 1 1 1 1 1 1 1 1 1 1 1 2 1
"737" 0 0 0 2 2 1 3 2 2 3 1 4 1 3 4 3 1 2 4 1 5 1 1 1 3 3 2 5 2 3 3 1
"738" 0 0 0 2 1 1 1 2 2 2 1 2 1 1 1 1 2 1 2 1 2 2 3 1 1 2 2 2 3 2 2 1
"739" 0 0 0 2 2 1 2 1 2 2 1 2 1 2 2 2 2 1 2 1 2 1 1 1 2 1 1 2 2 2 2 2
"740" 1 0 0 2 2 1 2 1 2 1 1 1 1 1 2 2 1 1 2 1 2 1 2 2 2 2 2 2 1 2 2 2
"741" 0 0 0 1 1 3 1 1 1 1 1 1 2 1 2 1 1 1 2 1 3 1 1 1 3 2 2 2 2 1 2 1
"742" 1 0 0 1 1 1 1 1 1 2 1 2 1 2 2 1 3 1 1 1 1 1 1 2 1 1 1 4 2 2 2 1
"743" 1 0 0 2 2 3 2 1 2 2 2 1 2 1 2 1 2 2 2 1 2 1 2 1 2 2 3 3 2 3 3 2
"744" 0 0 0 2 1 1 2 1 3 2 2 3 2 3 3 3 2 2 2 1 1 1 2 1 2 3 3 3 3 2 2 2
"745" 1 1 0 1 1 1 1 1 1 1 1 1 1 1 1 1 1 1 1 1 2 1 1 1 2 1 1 1 1 1 2 1
"746" 1 0 0 1 1 1 2 1 1 1 1 2 1 1 1 1 1 1 2 1 2 1 1 1 1 2 2 3 1 2 1 1
"747" 0 1 0 1 1 1 1 1 1 2 1 1 1 1 1 1 1 1 2 1 1 1 1 2 2 1 1 1 3 1 3 1
"748" 0 1 0 1 1 1 1 1 1 1 1 1 1 1 1 1 2 1 1 1 1 1 1 1 1 1 1 4 2 1 1 1
"749" 1 0 0 1 1 2 2 2 2 1 1 1 2 1 1 3 1 1 1 1 1 1 1 1 1 1 1 1 1 1 1 2
"750" 0 1 0 2 2 2 3 2 1 4 3 2 1 3 3 1 3 2 4 1 1 1 3 2 3 2 2 4 4 3 4 2
"751" 1 0 0 2 2 2 2 1 1 2 1 2 2 2 1 1 2 1 2 1 1 1 2 1 1 1 1 2 1 2 2 1
"752" 1 0 0 1 1 1 2 1 2 1 1 1 1 1 1 1 1 1 2 1 2 1 1 1 1 3 2 3 2 1 1 1
"753" 0 0 0 2 2 2 3 2 1 3 1 3 2 2 1 2 2 3 3 2 3 2 2 2 3 2 3 2 2 2 3 2
"754" 0 1 0 1 1 2 2 1 1 4 3 2 1 2 2 2 2 2 3 1 2 2 1 2 2 2 1 5 2 3 3 2
"755" 0 0 0 1 1 1 3 2 1 3 1 1 1 2 3 2 4 1 3 1 4 3 2 2 3 3 3 3 3 3 4 1
"756" 0 0 0 2 2 2 3 3 2 2 1 2 1 3 3 2 2 2 2 2 2 2 2 1 2 2 2 2 2 2 3 2
"757" 0 1 0 2 2 2 1 2 1 2 3 2 1 2 2 1 2 2 3 1 2 1 2 2 2 2 2 3 1 2 2 1
"758" 1 0 0 1 1 1 2 1 1 1 1 3 1 2 1 2 1 1 1 1 1 1 1 2 1 1 1 4 2 1 1 1
"759" 0 1 0 1 1 1 2 1 1 2 1 1 1 3 2 1 2 1 2 1 1 1 1 1 2 1 2 3 2 1 1 1
"760" 0 0 0 3 3 3 3 1 1 3 1 2 3 1 3 1 2 1 2 2 3 2 3 1 4 4 2 1 4 3 4 1
"761" 0 1 0 3 2 1 1 1 3 3 1 1 1 1 3 1 2 1 4 1 3 1 1 1 3 4 3 5 3 3 3 1
"762" 0 0 0 1 1 1 1 1 1 2 1 2 1 2 1 1 1 1 1 1 2 1 1 2 1 1 1 1 1 1 1 1
"763" 0 1 0 1 1 1 1 1 1 2 1 2 1 1 1 1 1 1 1 1 1 1 2 1 1 1 1 2 2 1 1 1
"764" 0 0 0 1 1 1 2 2 2 3 1 1 2 2 2 1 1 1 2 1 2 2 2 1 2 3 2 3 2 2 3 1
"765" 0 0 0 1 1 1 1 1 1 1 1 1 1 2 1 1 1 1 1 1 1 1 1 1 1 1 1 1 1 2 1 1
"766" 0 1 0 2 2 2 2 2 2 2 3 2 2 2 2 2 2 2 3 2 2 2 2 3 2 2 2 3 2 2 2 2
